id,height_condition,social_framing,participant_y,participant_x,participant_z,drone_x,drone_z,drone_y,time,participant_drone_distance,velocity
7,Eye_Level,False,0,-217.5,25.5,80,0,0,5.045152,298.5909,0
7,end,False,153.4458,-217.6774,78.33196,80,0,0,5.769822,343.938,0.003781925
7,end,False,153.4647,-217.609,78.37151,80,0,0,5.997458,343.8962,0.0053783
7,end,False,152.4951,-217.4945,78.32111,80,0,0,6.218572,343.3539,0.1124569
7,end,False,147.5837,-218.3551,77.2682,80,0,0,6.431071,341.712,0.3289117
7,end,False,142.8859,-220.2376,75.60974,80,0,0,6.637699,340.9925,0.2412307
7,end,False,139.1154,-222.2209,74.19489,80,0,0,6.843948,340.8745,0.1648232
7,end,False,138.6735,-223.1385,75.45329,80,0,0,7.053201,341.7843,0.1259242
7,end,False,139.523,-224.1084,78.7972,80,0,0,7.265334,343.7406,0.1698191
7,end,False,140.3882,-225.8836,81.70818,80,0,0,7.476861,346.3377,0.1591463
7,end,False,140.4727,-228.0321,83.92641,80,0,0,7.68692,348.7979,0.1132765
7,end,False,140.3112,-229.642,85.33825,80,0,0,7.896562,350.4968,0.1233818
7,end,False,140.2942,-230.4805,85.80747,80,0,0,8.105822,351.3452,0.01562325
7,end,False,140.7821,-230.2892,85.35282,80,0,0,8.31476,351.2607,0.06819744
7,end,False,141.9122,-228.9548,83.75575,80,0,0,8.524268,350.1531,0.1589713
7,end,False,142.6951,-226.4667,81.6918,80,0,0,8.731143,347.7891,0.1536964
7,end,False,143.0499,-223.9791,79.96439,80,0,0,8.936925,345.3417,0.1426473
7,end,False,142.9722,-222.1395,79.39457,80,0,0,9.144459,343.5591,0.09978516
7,end,False,143.0942,-220.7827,79.14216,80,0,0,9.353571,342.359,0.03310981
7,end,False,143.2038,-220.9002,78.86263,80,0,0,9.561253,342.4435,0.01271521
7,end,False,143.0075,-221.2271,78.35408,80,0,0,9.771995,342.5321,0.02813872
7,end,False,143.0354,-221.202,78.04385,80,0,0,9.982102,342.4509,0.02461111
7,end,False,142.9154,-221.1016,77.89674,80,0,0,10.19077,342.279,0.01312342
7,end,False,142.8946,-221.1173,77.80786,80,0,0,10.39932,342.2639,0.005379195
7,end,False,142.9012,-221.1984,77.90014,80,0,0,10.60823,342.3589,0.004826705
7,end,False,142.8463,-221.4131,77.92504,80,0,0,10.81718,342.5306,0.01402852
7,end,False,142.8485,-221.7786,78.09267,80,0,0,11.02553,342.8914,0.02499853
7,end,False,142.4126,-221.8762,77.98859,80,0,0,11.24435,342.7723,0.05120822
7,end,False,141.6871,-220.8511,77.13649,80,0,0,11.45593,341.3747,0.1044745
7,end,False,141.396,-219.1954,76.00189,80,0,0,11.72679,339.5394,0.04879887
7,end,False,141.3369,-219.019,76.13686,80,0,0,11.94519,339.3896,0.02786533
7,end,False,140.8727,-220.4737,77.12554,80,0,0,12.16729,340.7021,0.1304038
7,end,False,139.7886,-223.0101,77.89276,80,0,0,12.38983,342.6707,0.1075094
7,end,False,139.6505,-223.79,77.43264,80,0,0,12.61547,343.2003,0.0308208
7,end,False,139.3559,-223.8086,76.744,80,0,0,12.83778,342.9423,0.01892833
7,end,False,138.9995,-224.1633,76.76562,80,0,0,13.05748,343.1168,0.02471704
7,end,False,138.8444,-224.2085,76.63261,80,0,0,13.28275,343.0643,0.009031775
7,end,False,138.5666,-224.4116,76.61118,80,0,0,13.50574,343.1274,0.01880457
7,end,False,138.3907,-224.4484,76.48058,80,0,0,13.72807,343.0599,0.01136614
7,end,False,137.297,-225.7654,77.7524,80,0,0,13.95018,344.0761,0.1554707
7,end,False,135.6739,-228.6367,80.69457,80,0,0,14.16421,346.6635,0.1692604
7,end,False,133.3391,-231.2119,83.59311,80,0,0,14.37651,348.7405,0.1608372
7,end,False,131.6802,-232.9381,85.14895,80,0,0,14.58626,350.0289,0.09802843
7,end,False,130.7807,-234.0333,85.50804,80,0,0,14.79479,350.7593,0.03698377
7,end,False,130.655,-234.5098,85.17646,80,0,0,15.00507,351.0586,0.0286408
7,end,False,130.9922,-234.1095,84.67818,80,0,0,15.21225,350.7052,0.04017656
7,end,False,131.1462,-233.3614,84.49542,80,0,0,15.42205,350.0488,0.03548763
7,end,False,131.306,-232.6422,84.49735,80,0,0,15.63001,349.4657,0.0225485
7,end,False,131.527,-232.1286,84.47048,80,0,0,15.83971,349.0829,0.02218666
7,end,False,131.8082,-231.8121,84.42096,80,0,0,16.04708,348.8941,0.02213822
7,end,False,131.8805,-231.7126,83.96879,80,0,0,16.25662,348.7233,0.03065238
7,end,False,132.5394,-231.5485,83.38927,80,0,0,16.46557,348.6875,0.06884483
7,end,False,133.6252,-231.7357,81.5966,80,0,0,16.67301,348.845,0.06964118
7,end,False,135.1256,-232.146,79.82552,80,0,0,16.92077,349.3796,0.1165561
7,end,False,135.5858,-232.8712,78.2375,80,0,0,17.14071,349.8471,0.06415445
7,end,False,136.766,-231.8302,75.72771,80,0,0,17.36293,348.8233,0.1883268
7,end,False,138.6031,-225.6766,70.62016,80,0,0,17.58547,342.9813,0.4910327
7,end,False,140.4747,-216.9374,62.65854,80,0,0,17.80796,334.4115,0.5135232
7,end,False,140.9905,-210.3846,55.94979,80,0,0,18.02731,327.6155,0.3751946
7,end,False,141.6257,-206.1197,50.97775,80,0,0,18.25108,323.2971,0.2978459
7,end,False,141.1418,-203.2733,46.75924,80,0,0,18.47534,319.9238,0.1929856
7,end,False,140.8584,-204.6881,42.93589,80,0,0,18.69728,320.5182,0.2160714
7,end,False,139.9726,-211.5541,38.11003,80,0,0,18.92048,325.6508,0.4585965
7,end,False,138.536,-219.0547,32.27056,80,0,0,19.14483,331.1606,0.3419608
7,end,False,137.8933,-220.9959,28.06545,80,0,0,19.36962,332.2661,0.1729773
7,end,False,136.1738,-218.636,24.49659,80,0,0,19.59324,329.1305,0.268783
7,end,False,130.1096,-212.7534,19.0133,80,0,0,19.81696,320.9277,0.6666903
7,end,False,113.7493,-205.0975,12.80912,80,0,0,20.03954,307.2191,0.9219303
7,end,False,97.17767,-202.4201,10.91391,80,0,0,20.26212,298.8708,0.7021596
7,end,False,80.96784,-203.2686,12.08943,80,0,0,20.48491,294.861,0.6843231
7,end,False,68.79486,-205.0844,12.95203,80,0,0,20.70966,293.5534,0.3826048
7,end,False,65.43141,-205.2878,13.40648,80,0,0,20.93654,293.0019,0.06544169
7,end,False,64.77911,-204.8128,13.11489,80,0,0,21.14557,292.381,0.0372285
7,end,False,64.38372,-205.0334,12.55778,80,0,0,21.35561,292.4842,0.04791791
7,end,False,63.94052,-205.5654,11.94567,80,0,0,21.56137,292.88,0.05846559
7,end,False,63.32176,-205.8392,11.4802,80,0,0,21.77112,292.994,0.02498462
7,end,False,62.92155,-206.4006,11.14637,80,0,0,21.97982,293.4428,0.03690131
7,end,False,62.87886,-206.7754,11.07747,80,0,0,22.18864,293.7968,0.01903868
7,end,False,64.44108,-206.3528,11.07801,80,0,0,22.39891,293.7231,0.2034646
7,end,False,77.70771,-203.5136,9.206428,80,0,0,22.60601,294.1143,1.003756
7,end,False,105.0919,-197.3086,7.634392,80,0,0,22.81541,296.6524,1.431436
7,end,False,133.5873,-190.0687,13.82774,80,0,0,23.03015,301.6188,1.184566
7,end,False,144.7153,-189.0306,22.61745,80,0,0,23.24812,306.3194,0.358983
7,end,False,145.5487,-193.8831,25.95977,80,0,0,23.47447,311.2399,0.3215751
7,end,False,144.4007,-202.7982,21.69577,80,0,0,23.69873,318.2721,0.538384
7,end,False,142.3982,-209.8203,12.89614,80,0,0,23.92213,323.1708,0.4095336
7,end,False,144.0792,-203.7542,9.869637,80,0,0,24.14044,318.3908,0.4852521
7,end,False,148.4013,-194.9389,16.8856,80,0,0,24.38797,312.8889,0.3292708
7,end,False,150.2987,-185.9588,27.63621,80,0,0,24.64412,306.7369,0.5893565
7,end,False,147.3228,-172.0257,42.48688,80,0,0,24.89834,295.0018,1.145528
7,end,False,147.2539,-155.3796,55.93362,80,0,0,25.15091,283.224,0.9999288
7,end,False,144.6711,-141.5208,61.26926,80,0,0,25.3776,271.5789,0.7043589
7,end,False,142.3515,-126.0432,61.62057,80,0,0,25.6001,257.9048,0.7416182
7,end,False,142.5082,-110.5221,64.5845,80,0,0,25.82242,246.5327,0.7154639
7,end,False,138.7946,-95.91425,71.26575,80,0,0,26.04588,235.1352,0.7010677
7,end,False,141.7231,-81.73809,83.19816,80,0,0,26.26975,230.5788,0.8145971
7,end,False,146.1574,-68.21725,89.49368,80,0,0,26.49232,226.5821,0.6734667
7,end,False,145.4733,-52.34227,92.41131,80,0,0,26.71652,217.2943,0.8096392
7,end,False,144.1604,-31.97195,90.64581,80,0,0,26.94069,203.8053,0.9880196
7,end,False,145.4593,-11.58698,90.7746,80,0,0,27.16524,194.3877,0.9555923
7,end,False,142.2716,10.59351,91.4625,80,0,0,27.38878,182.8219,1.067771
7,end,False,145.7093,35.01918,94.49736,80,0,0,27.61013,179.3996,1.084904
7,end,False,147.1364,56.97346,93.45914,80,0,0,27.83392,175.8236,1.063216
7,end,False,143.4142,81.03957,88.53966,80,0,0,28.06092,168.5467,1.161588
7,end,False,146.9615,104.0081,83.98382,80,0,0,28.28081,170.9601,0.8997543
7,end,False,144.1913,125.7139,81.9223,80,0,0,28.50437,172.0237,1.057552
7,end,False,144.5181,150.2029,84.17467,80,0,0,28.72863,181.3817,1.196306
7,end,False,147.6618,172.7851,84.17312,80,0,0,28.95708,193.6445,0.9578706
7,end,False,143.5045,195.5004,81.95144,80,0,0,29.17609,201.6183,1.042668
7,end,False,144.2661,216.5224,76.88171,80,0,0,29.39859,212.9833,0.9215522
7,end,False,144.0025,235.319,76.00521,80,0,0,29.62264,225.0278,0.866543
7,end,False,141.0805,253.5322,78.58652,80,0,0,29.83364,237.0506,0.6487511
7,end,False,145.1678,272.1862,82.22917,80,0,0,30.04248,254.5012,0.9412861
7,end,False,151.448,287.5057,83.80765,80,0,0,30.25138,270.2199,0.6691722
7,end,False,151.2552,301.0385,83.24074,80,0,0,30.4627,280.4732,0.6033446
7,end,False,153.2653,314.0547,79.62669,80,0,0,30.67259,290.8818,0.589993
7,end,False,155.008,326.584,79.66527,80,0,0,30.88519,301.9565,0.5691042
7,end,False,154.4546,337.6047,81.86277,80,0,0,31.09431,311.3164,0.5337741
7,end,False,155.6117,347.5983,85.24541,80,0,0,31.30704,321.0773,0.4680609
7,end,False,155.9388,354.4334,86.984,80,0,0,31.51655,327.4092,0.2755089
7,end,False,155.6258,357.7509,87.92313,80,0,0,31.71231,330.296,0.1369885
7,end,False,155.9934,359.1371,86.98982,80,0,0,31.93577,331.3891,0.2145178
7,end,False,155.6091,350.8114,75.68802,80,0,0,32.18257,321.3746,0.7451695
7,end,False,155.1753,334.0202,72.22894,80,0,0,32.39552,306.3049,0.7442469
7,end,False,151.3617,310.6793,71.34007,80,0,0,32.64993,284.9784,0.9312096
7,end,False,152.1436,295.9512,70.93819,80,0,0,32.85796,273.523,0.7025257
7,end,False,150.1764,282.0311,67.99134,80,0,0,33.08067,260.7534,0.8073347
7,end,False,149.0855,265.5927,59.19093,80,0,0,33.33261,245.3053,0.8182676
7,end,False,152.3569,247.1846,54.60433,80,0,0,33.58392,232.6907,0.747453
7,end,False,149.6412,225.7262,57.65122,80,0,0,33.8344,216.6847,0.9399189
7,end,False,153.4542,202.0603,66.25012,80,0,0,34.08434,206.9686,0.9514477
7,end,False,154.2577,179.4542,68.75199,80,0,0,34.33475,195.9934,0.9836882
7,end,False,150.1018,151.6031,66.52294,80,0,0,34.58527,179.1169,1.209836
7,end,False,155.1316,129.0923,67.11288,80,0,0,34.79415,176.0114,1.087308
7,end,False,151.2473,104.8789,68.89339,80,0,0,35.00245,168.0506,1.23058
7,end,False,149.4451,79.77769,74.03935,80,0,0,35.21221,166.7804,1.277579
7,end,False,154.2735,58.19347,73.16223,80,0,0,35.42064,172.1295,0.99815
7,end,False,150.1377,36.90593,70.06029,80,0,0,35.63002,171.1925,1.104803
7,end,False,150.8497,13.6574,63.56658,80,0,0,35.83918,176.6287,1.228209
7,end,False,153.0217,-9.943271,60.71507,80,0,0,36.07804,187.5947,0.9789488
7,end,False,148.4893,-33.41645,58.62025,80,0,0,36.30317,195.8283,1.06318
7,end,False,152.4296,-56.48967,57.85817,80,0,0,36.52885,212.6306,0.9624926
7,end,False,152.7132,-76.61476,54.48969,80,0,0,36.75485,225.4299,0.9285737
7,end,False,149.5797,-97.10776,47.24567,80,0,0,36.9792,236.587,0.9963472
7,end,False,153.0869,-118.6246,41.96141,80,0,0,37.20427,254.2599,0.8974269
7,end,False,151.2531,-137.9944,39.88597,80,0,0,37.42648,268.3094,0.8525819
7,end,False,148.1622,-156.2581,42.16928,80,0,0,37.64842,282.0428,0.8862525
7,end,False,150.3835,-173.6589,41.25876,80,0,0,37.87313,297.7589,0.7270681
7,end,False,149.1811,-185.3626,38.64841,80,0,0,38.07293,306.8648,0.4796124
7,end,False,146.6286,-197.5963,32.5461,80,0,0,38.2832,315.6247,0.674656
7,end,False,146.6588,-210.173,23.37836,80,0,0,38.49437,325.9689,0.7350268
7,end,False,146.8722,-220.274,17.5414,80,0,0,38.70449,334.7292,0.4478858
7,end,False,146.5572,-226.2538,15.46162,80,0,0,38.91527,339.8668,0.1596232
7,end,False,147.5218,-226.8932,15.31351,80,0,0,39.12367,340.8528,0.08811497
7,end,False,148.0324,-226.5349,15.39188,80,0,0,39.33387,340.7553,0.02548053
7,end,False,148.5123,-226.9643,15.18687,80,0,0,39.54228,341.3409,0.05899723
7,end,False,148.8143,-227.6307,15.01876,80,0,0,39.75091,342.0642,0.07534778
7,end,False,150.2176,-229.4709,14.41525,80,0,0,39.96312,344.3042,0.1142668
7,end,False,151.9945,-230.9946,14.44403,80,0,0,40.16999,346.4515,0.1319397
7,end,False,154.3898,-233.1081,14.73442,80,0,0,40.3804,349.4138,0.1668616
7,end,False,155.004,-237.9993,15.09758,80,0,0,40.58908,354.0871,0.3299484
7,end,False,145.2289,-245.1673,14.8419,80,0,0,40.79887,356.4344,0.7045469
7,end,False,130.1574,-248.7282,16.46496,80,0,0,41.00711,353.941,0.7582427
7,end,False,117.9676,-249.1401,16.98433,80,0,0,41.21689,350.0543,0.5936932
7,end,False,108.5615,-249.4656,16.32515,80,0,0,41.42561,347.2747,0.4471156
7,end,False,101.1533,-254.3347,14.93958,80,0,0,41.63522,349.6211,0.4587508
7,end,False,94.38187,-263.5755,12.97947,80,0,0,41.84654,356.5396,0.5467689
7,end,False,87.51517,-270.0583,11.86274,80,0,0,42.05306,361.0269,0.4065228
7,end,False,81.27511,-271.7029,10.37038,80,0,0,42.26346,361.1206,0.2352867
7,end,False,78.28376,-271.4471,9.940248,80,0,0,42.47012,360.1974,0.1298861
7,end,False,76.8597,-271.3368,9.929877,80,0,0,42.67824,359.7826,0.0183208
7,end,False,76.51842,-271.0274,9.989387,80,0,0,42.88605,359.4094,0.0341616
7,end,False,76.43306,-271.1107,10.06163,80,0,0,43.09584,359.4745,0.01754003
7,end,False,76.44548,-271.2445,9.900933,80,0,0,43.3039,359.6035,0.008300236
7,end,False,76.45764,-271.2129,9.866053,80,0,0,43.51323,359.5742,0.003383373
7,end,False,76.48502,-271.0687,9.958535,80,0,0,43.72175,359.4418,0.004929243
7,end,False,76.5515,-271.0454,9.997064,80,0,0,43.93067,359.4342,0.006207942
7,end,False,76.52531,-271.0591,9.975248,80,0,0,44.14009,359.4414,0.004176587
7,end,False,76.44507,-271.0584,10.01385,80,0,0,44.34838,359.4247,0.01438859
7,end,False,76.44572,-270.9947,10.0812,80,0,0,44.55743,359.3646,0.002089177
7,end,False,76.429,-271.134,10.02126,80,0,0,44.76561,359.4954,0.006395622
7,end,False,76.39075,-271.2084,10.00321,80,0,0,44.9766,359.5594,0.002305024
7,end,False,76.40854,-271.1934,10.01506,80,0,0,45.18404,359.5488,0.003890028
7,end,False,76.40649,-271.1356,10.00641,80,0,0,45.39408,359.4917,0.003944134
7,end,False,76.41364,-271.1044,10.03998,80,0,0,45.60135,359.4637,0.002843647
7,end,False,76.42212,-271.1296,10.05285,80,0,0,45.80983,359.4905,0.00267733
7,end,False,76.41513,-271.1367,10.01945,80,0,0,46.01944,359.4951,0.0009147369
7,end,False,76.44126,-271.1798,10.00691,80,0,0,46.22824,359.5423,0.002653952
7,end,False,76.41515,-271.1123,10.02534,80,0,0,46.43705,359.4713,0.0047201
7,end,False,76.41258,-271.1783,10.00126,80,0,0,46.64583,359.5346,0.002684799
7,end,False,76.40417,-271.1564,9.987145,80,0,0,46.85505,359.511,0.002515902
7,end,False,76.42429,-271.1179,9.994918,80,0,0,47.06425,359.4778,0.00393151
7,end,False,76.39408,-271.1177,9.994703,80,0,0,47.27253,359.4713,0.001474773
7,end,False,76.41658,-271.1522,9.968596,80,0,0,47.4815,359.509,0.005595664
7,end,False,76.3913,-271.1826,9.967738,80,0,0,47.69017,359.5333,0.004365794
7,end,False,76.40611,-271.1515,9.985596,80,0,0,47.89907,359.5065,0.005385674
7,end,False,76.40277,-271.0793,9.984833,80,0,0,48.10709,359.4353,0.007774573
7,end,False,76.40843,-271.1163,9.971195,80,0,0,48.31661,359.4723,0.006684728
7,end,False,76.42195,-271.11,9.965735,80,0,0,48.52629,359.4689,0.003602742
7,end,False,76.4427,-271.1086,9.992796,80,0,0,48.73433,359.4727,0.002682916
7,end,False,76.39977,-271.1437,10.00326,80,0,0,48.94407,359.4981,0.006563812
7,end,False,76.44988,-271.1145,9.945518,80,0,0,49.1521,359.4786,0.003073088
7,end,False,76.41949,-271.1393,9.987122,80,0,0,49.36084,359.4975,0.01066112
7,end,False,76.45732,-271.1219,9.964639,80,0,0,49.56975,359.488,0.005726938
7,end,False,76.40456,-271.0884,10.00283,80,0,0,49.7792,359.4451,0.0005570435
7,end,False,76.44218,-271.1202,9.975081,80,0,0,49.98777,359.4834,0.002834286
7,end,False,76.41591,-271.1295,9.956342,80,0,0,50.19623,359.4864,0.002024132
7,end,False,76.43047,-271.1148,9.98767,80,0,0,50.40517,359.476,0.0005448195
7,end,False,76.43354,-271.0861,9.991389,80,0,0,50.61414,359.4487,0.002978268
7,end,False,76.42487,-271.1019,9.981853,80,0,0,50.82319,359.462,0.005302286
7,end,False,76.41109,-271.1328,9.99878,80,0,0,51.03202,359.4897,0.001970802
7,end,False,76.44372,-271.0685,10.01173,80,0,0,51.24017,359.4343,0.003743648
7,end,False,76.43285,-271.0802,10.01056,80,0,0,51.4492,359.4433,0.002855543
7,end,False,76.4359,-271.0404,10.03507,80,0,0,51.65977,359.4057,0.01023099
7,end,False,76.41355,-271.0375,10.01747,80,0,0,51.86662,359.3977,0.004297287
7,end,False,76.42526,-271.0709,10.02381,80,0,0,52.07703,359.433,0.003675159
7,end,False,76.43624,-271.0309,10.01196,80,0,0,52.28475,359.3959,0.01151242
7,end,False,76.4076,-271.0538,10.00703,80,0,0,52.49397,359.4121,0.002656001
7,end,False,76.42613,-271.1076,9.960013,80,0,0,52.70243,359.4673,0.007597699
7,end,False,76.4497,-271.0981,9.975248,80,0,0,52.91167,359.4634,0.006073223
7,end,False,76.43549,-271.0673,10.01947,80,0,0,53.12048,359.4315,0.006545908
7,end,False,76.42992,-271.0414,10.04325,80,0,0,53.32867,359.4057,0.004748157
7,end,False,76.4453,-271.0769,9.937936,80,0,0,53.53843,359.4407,0.006763337
7,end,False,76.40584,-271.1533,9.890395,80,0,0,53.74701,359.5056,0.00574832
7,end,False,76.37773,-271.1662,9.972626,80,0,0,53.95641,359.5146,0.01049892
7,end,False,76.37879,-271.155,9.984356,80,0,0,54.16454,359.5042,0.003893391
7,end,False,76.40684,-271.1457,10.00169,80,0,0,54.37479,359.5015,0.002696151
7,end,False,76.41026,-271.1117,9.968477,80,0,0,54.58266,359.468,0.002352322
7,end,False,76.38646,-271.1243,9.988433,80,0,0,54.79171,359.4759,0.006712957
7,end,False,76.37229,-271.1491,9.986883,80,0,0,55.00076,359.4971,0.01085098
7,end,False,76.36613,-271.1444,10.06516,80,0,0,55.20876,359.4933,0.01077378
7,end,False,76.3875,-271.1073,10.05595,80,0,0,55.41735,359.4614,0.003011258
7,end,False,76.39849,-271.137,10.02858,80,0,0,55.6952,359.492,0.002818231
7,end,False,72.94989,-273.0853,7.70188,80,0,0,877.7538,360.6248,0.1376988
7,end,False,72.76641,-272.9814,7.638699,80,0,0,877.9405,360.4846,0.07660217
7,end,False,73.13376,-273.0243,7.527357,80,0,0,878.1656,360.5986,0.04755947
7,end,False,73.19486,-272.9489,7.308823,80,0,0,878.4,360.5327,0.04157254
7,end,False,111.4954,-205.0231,263.7208,80,0,0,878.6048,404.0025,0.1139233
7,end,False,156.6603,-223.1028,27.05122,80,0,0,878.8146,342.2653,36.34407
7,end,False,156.8098,-223.795,26.57603,80,0,0,879.0372,342.9096,0.1164931
7,end,False,156.452,-223.5058,26.44252,80,0,0,879.2419,342.4795,0.07446418
7,end,False,156.3301,-223.1881,26.61005,80,0,0,879.4683,342.1553,0.1025282
7,end,False,154.5991,-223.6828,26.62226,80,0,0,879.7001,341.8083,0.1906772
7,end,False,150.6941,-226.506,29.25223,80,0,0,879.9093,342.7979,0.1684087
7,end,False,149.1454,-228.04,31.15636,80,0,0,880.1284,343.6622,0.06041005
7,end,False,154.7435,-227.4273,29.34884,80,0,0,880.3417,345.425,0.4474678
7,end,False,156.7582,-223.6971,26.38453,80,0,0,880.5521,342.7845,0.1942826
7,end,False,156.3614,-221.9693,24.10091,80,0,0,880.756,340.9034,0.1028571
7,end,False,156.2025,-221.1031,22.94589,80,0,0,880.9625,339.9836,0.06411982
7,end,False,157.0906,-219.901,22.66113,80,0,0,881.1707,339.3105,0.1180405
7,end,False,158.7613,-218.4184,23.50758,80,0,0,881.3788,338.8382,0.07092902
7,end,False,156.6059,-222.5831,25.27694,80,0,0,881.5892,341.6444,0.4090067
7,end,False,154.4301,-226.2408,28.46051,80,0,0,881.8013,344.1541,0.1304803
7,end,False,155.1646,-225.958,28.28716,80,0,0,882.0123,344.2187,0.1630845
7,end,False,157.1581,-223.0772,25.82766,80,0,0,882.2214,342.3763,0.185251
7,end,False,157.3076,-220.8532,23.31632,80,0,0,882.4265,340.2969,0.08559933
7,end,False,156.5617,-220.6901,20.95762,80,0,0,882.6343,339.6547,0.1018932
7,end,False,155.8845,-221.0663,19.46539,80,0,0,882.8411,339.5877,0.07441668
7,end,False,155.8083,-221.4967,18.71353,80,0,0,883.0505,339.8922,0.07975839
7,end,False,155.6161,-221.7742,18.5484,80,0,0,883.2605,340.0413,0.01795226
7,end,False,155.4503,-221.927,18.68731,80,0,0,883.4684,340.1087,0.02781372
7,end,False,155.5715,-221.7109,18.97234,80,0,0,883.7097,339.9881,0.02995495
7,end,False,155.6413,-221.6474,19.26111,80,0,0,883.9253,339.9799,0.01825777
7,end,False,155.5477,-221.7059,19.79116,80,0,0,884.1346,340.0195,0.06562052
7,end,False,153.5217,-223.2696,21.5792,80,0,0,884.3448,340.598,0.2393163
7,end,False,150.6714,-224.82,23.94196,80,0,0,884.554,340.867,0.1119499
7,end,False,149.9752,-225.3538,24.38649,80,0,0,884.7647,341.0692,0.04587699
7,end,False,149.5652,-225.515,24.56583,80,0,0,884.9699,341.0464,0.02856654
7,end,False,149.44,-225.5941,24.34717,80,0,0,885.1802,341.0467,0.06752826
7,end,False,149.5025,-225.283,24.0743,80,0,0,885.39,340.776,0.01987082
7,end,False,148.2887,-226.8475,24.58464,80,0,0,885.5967,341.686,0.2514836
7,end,False,145.4786,-231.413,26.00566,80,0,0,885.8054,344.7004,0.231417
7,end,False,144.3229,-232.7844,25.99829,80,0,0,886.0145,345.4549,0.09762097
7,end,False,142.1036,-234.8874,24.8788,80,0,0,886.223,346.3617,0.1408908
7,end,False,139.789,-236.8717,23.8309,80,0,0,886.4333,347.1549,0.1270639
7,end,False,138.9514,-237.7558,23.35707,80,0,0,886.6427,347.5943,0.02159119
7,end,False,139.3219,-237.3152,22.80444,80,0,0,886.8506,347.3032,0.06041194
7,end,False,141.7188,-235.4459,21.45272,80,0,0,887.0598,346.4831,0.2617234
7,end,False,146.0593,-231.4506,18.17711,80,0,0,887.2701,344.4782,0.3537669
7,end,False,149.7413,-226.2432,15.28784,80,0,0,887.4778,341.2346,0.2644672
7,end,False,151.7162,-223.1923,14.81577,80,0,0,887.6879,339.3566,0.171293
7,end,False,154.2115,-220.0817,15.36795,80,0,0,887.8951,337.7372,0.1843554
7,end,False,155.4112,-217.8874,16.21999,80,0,0,888.1057,336.3817,0.08172049
7,end,False,156.8527,-215.9787,18.60648,80,0,0,888.3167,335.4882,0.2024669
7,end,False,158.429,-214.2424,19.97727,80,0,0,888.5258,334.7797,0.08904486
7,end,False,158.8956,-214.0686,20.1646,80,0,0,888.7354,334.8593,0.05692224
7,end,False,159.1283,-215.3388,20.92818,80,0,0,888.9443,336.1321,0.07448538
7,end,False,157.5878,-217.2868,20.94275,80,0,0,889.155,337.1231,0.1928147
7,end,False,156.353,-221.0187,19.26879,80,0,0,889.3616,339.7496,0.2678488
7,end,False,156.3968,-225.774,18.23028,80,0,0,889.5707,343.9332,0.1916385
7,end,False,156.8441,-227.8839,19.16271,80,0,0,889.7781,346.0632,0.1583828
7,end,False,153.9494,-231.1741,18.96819,80,0,0,889.9844,347.6917,0.1452249
7,end,False,152.1584,-232.7264,17.45523,80,0,0,890.1933,348.2164,0.1749326
7,end,False,151.8288,-231.5208,14.22485,80,0,0,890.4031,346.8422,0.2324602
7,end,False,151.6954,-229.8894,10.63169,80,0,0,890.613,345.1897,0.1143511
7,end,False,153.3766,-228.1398,10.76711,80,0,0,890.8217,344.3696,0.1144842
7,end,False,154.5112,-226.4043,12.7158,80,0,0,891.0322,343.3934,0.1527992
7,end,False,156.1433,-225.7021,14.38113,80,0,0,891.243,343.5714,0.1028077
7,end,False,156.5885,-225.3735,15.27084,80,0,0,891.4516,343.5202,0.01438942
7,end,False,155.9488,-225.8755,15.02012,80,0,0,891.6602,343.6647,0.02864305
7,end,False,155.7875,-225.8964,14.9088,80,0,0,891.868,343.6053,0.01015029
7,end,False,156.2163,-224.9344,13.49278,80,0,0,892.079,342.8857,0.1543745
7,end,False,157.1849,-221.9544,9.737478,80,0,0,892.2836,340.556,0.2557469
7,end,False,157.3687,-221.2799,9.03226,80,0,0,892.4888,340.0236,0.03874069
7,end,False,157.2737,-222.0489,9.570681,80,0,0,892.6982,340.676,0.06725415
7,end,False,156.8466,-222.6999,9.560904,80,0,0,892.9072,341.0564,0.05018076
7,end,False,156.7147,-223.1189,9.887012,80,0,0,893.1171,341.3771,0.1190399
7,end,False,156.1538,-224.7206,11.95048,80,0,0,893.3268,342.6098,0.1020252
7,end,False,155.677,-225.1871,12.66707,80,0,0,893.5375,342.8337,0.06293672
7,end,False,154.6408,-225.3993,14.4534,80,0,0,893.7443,342.6243,0.09163713
7,end,False,153.996,-225.2452,15.18043,80,0,0,893.9555,342.2278,0.04618569
7,end,False,153.9494,-224.6744,15.2989,80,0,0,894.1642,341.703,0.03512357
7,end,False,153.8632,-224.1597,15.45123,80,0,0,894.3721,341.2122,0.01602454
7,end,False,153.6756,-223.9336,15.22404,80,0,0,894.5823,340.9158,0.01636216
7,end,False,153.4659,-223.9666,15.58376,80,0,0,894.7883,340.8669,0.04841602
7,end,False,153.6336,-223.8538,16.41072,80,0,0,894.9979,340.8808,0.04443533
7,end,False,154.3786,-223.2645,16.98266,80,0,0,895.2063,340.7206,0.09694556
7,end,False,156.8033,-221.8818,16.5546,80,0,0,895.4173,340.5789,0.0612723
7,end,False,156.2264,-222.295,17.77555,80,0,0,895.6257,340.7417,0.1457085
7,end,False,156.6192,-223.5233,26.05993,80,0,0,895.8353,342.5421,0.4724348
7,end,False,158.0843,-223.4388,25.87656,80,0,0,896.04,343.1259,0.2905544
7,end,False,160.597,-217.8929,19.90241,80,0,0,896.2531,339.0099,0.3177055
7,end,False,161.7383,-215.5156,18.90749,80,0,0,896.4576,337.4111,0.2823837
7,end,False,159.6413,-208.349,16.67815,80,0,0,896.6999,330.0131,0.3065238
7,end,False,160.1366,-205.211,19.90079,80,0,0,896.9135,327.6967,0.2591918
7,end,False,160.1506,-206.3584,24.14557,80,0,0,897.1472,328.9868,0.1405406
7,end,False,159.4487,-205.0038,25.72445,80,0,0,897.3549,327.5863,0.1253551
7,end,False,157.5638,-201.2841,25.80904,80,0,0,897.5634,323.4396,0.2388066
7,end,False,156.0578,-198.9616,25.5421,80,0,0,897.7729,320.665,0.07576109
7,end,False,155.1332,-201.563,23.22425,80,0,0,897.9817,322.3095,0.3227348
7,end,False,157.0235,-204.7166,20.98807,80,0,0,898.192,325.8227,0.1367886
7,end,False,156.825,-204.2763,20.95205,80,0,0,898.399,325.3399,0.08195667
7,end,False,157.0056,-201.8652,22.14526,80,0,0,898.6086,323.4025,0.1544208
7,end,False,156.8181,-199.7753,22.17649,80,0,0,898.8167,321.4933,0.09017006
7,end,False,157.3846,-198.8141,21.95808,80,0,0,899.0266,320.9196,0.01772311
7,end,False,157.3996,-198.6126,22.4275,80,0,0,899.2335,320.7844,0.03120722
7,end,False,157.1571,-197.8099,23.07245,80,0,0,899.4701,320.0141,0.06510452
7,end,False,157.089,-197.2453,22.98626,80,0,0,899.6656,319.4844,0.02905819
7,end,False,157.1981,-196.6605,22.96795,80,0,0,899.8878,319.0294,0.05851009
7,end,False,156.7889,-196.3591,22.61852,80,0,0,900.1242,318.5415,0.04908798
7,end,False,157.1288,-196.3964,22.03104,80,0,9.429824,900.375,314.1581,0.08002593
7,Eye_Level,False,158.0264,-197.165,21.03023,80,0,37.92121,900.601,302.8002,0.1243052
7,Eye_Level,False,160.4846,-199.4471,19.81121,80,0,74.03122,900.8206,293.1848,0.08155507
7,Eye_Level,False,161.2693,-200.9473,19.14762,80,0,110.5678,901.0443,286.127,0.09875786
7,Eye_Level,False,161.6201,-202.361,17.89562,80,0,138.6073,901.2687,283.8619,0.09820918
7,Eye_Level,False,161.904,-203.1787,17.70953,80,0,149.9998,901.4909,283.9815,0.0233639
7,Eye_Level,False,162.5564,-203.0866,19.44024,80,0,150,901.7133,284.031,0.1182131
7,Eye_Level,False,162.8134,-201.6116,21.37569,80,0,150,901.9368,282.7122,0.1087714
7,Eye_Level,False,162.0698,-199.9249,22.54795,80,0,150,902.1609,281.0908,0.07971705
7,Eye_Level,False,162.2022,-200.5264,23.68843,80,0,150,902.3845,281.7891,0.09527837
7,Eye_Level,False,162.6042,-202.4074,23.67095,80,0,150,902.606,283.6779,0.0854973
7,Eye_Level,False,162.6597,-204.1646,22.76477,80,0,150,902.8405,285.356,0.08984052
7,Eye_Level,False,162.4612,-204.6566,22.24521,80,0,150,903.0483,285.7963,0.02341638
7,Eye_Level,False,162.3503,-204.9613,22.71728,80,0,150,903.2587,286.132,0.03736504
7,Eye_Level,False,162.2299,-205.3026,23.05972,80,0,150,903.4666,286.4941,0.01681506
7,Eye_Level,False,162.1696,-205.5335,23.38675,80,0,150,903.6749,286.748,0.008363053
7,Eye_Level,False,161.8863,-205.8757,22.50751,80,0,150,903.8841,287.0067,0.1292633
7,Eye_Level,False,160.7392,-209.5811,17.55243,80,0,150,904.0797,290.3113,0.3039238
7,Eye_Level,False,159.258,-215.6954,14.96292,80,0,150,904.3065,296.2184,0.1652492
7,Eye_Level,False,158.6611,-217.1403,15.34005,80,0,150,904.5246,297.662,0.003883375
7,Eye_Level,False,158.976,-212.7028,15.56767,80,0,150,904.7628,293.2538,0.3549272
7,Eye_Level,False,160.8271,-205.9603,20.6325,80,0,150,904.9774,286.908,0.3424044
7,Eye_Level,False,161.1819,-205.3116,21.69608,80,0,150,905.2075,286.3537,0.07503138
7,Eye_Level,False,161.1709,-204.1274,20.56974,80,0,150,905.418,285.09,0.1162079
7,Eye_Level,False,159.661,-204.357,15.38738,80,0,150,905.6243,284.9369,0.3485222
7,Eye_Level,False,157.9118,-209.2792,14.19464,80,0,150,905.8519,289.7353,0.1534769
7,Eye_Level,False,157.7611,-209.5918,15.96593,80,0,150,906.0797,290.1354,0.06262886
7,Eye_Level,False,157.8659,-208.0035,16.96247,80,0,150,906.3028,288.6098,0.1444676
7,Eye_Level,False,159.9373,-202.6147,20.66783,80,0,150,906.5193,283.5436,0.3087322
7,Eye_Level,False,160.5311,-201.5868,22.44815,80,0,150,906.7398,282.6764,0.06061773
7,Eye_Level,False,160.5434,-201.5794,21.90801,80,0,150,907.0026,282.6271,0.04259546
7,Eye_Level,False,158.783,-204.6078,16.02625,80,0,150,907.1985,285.1939,0.4229869
7,Eye_Level,False,157.1805,-210.2701,11.31517,80,0,150,907.4254,290.5793,0.1850958
7,Eye_Level,False,155.6538,-211.9364,6.448946,80,0,150,907.6573,292.0623,0.2386358
7,Eye_Level,False,155.0811,-213.5548,-0.6694704,80,0,150,907.8792,293.5995,0.3802653
7,Eye_Level,False,156.486,-212.3312,-7.737175,80,0,150,908.103,292.5055,0.2206828
7,Eye_Level,False,156.954,-208.8603,-8.673993,80,0,150,908.3245,289.0742,0.1842254
7,Eye_Level,False,158.7172,-201.0918,-7.651675,80,0,150,908.5477,281.331,0.5059949
7,Eye_Level,False,160.9836,-193.7189,-1.163498,80,0,150,908.7629,273.9417,0.3905222
7,Eye_Level,False,162.2231,-194.6429,2.034819,80,0,150,908.9951,274.9223,0.1307828
7,Eye_Level,False,162.1339,-195.6093,1.796091,80,0,150,909.2025,275.8821,0.07007681
7,Eye_Level,False,161.1959,-197.4994,-2.500117,80,0,150,909.4117,277.7364,0.3821869
7,Eye_Level,False,157.2743,-206.6382,-7.894552,80,0,150,909.6078,286.8391,0.4857454
7,Eye_Level,False,153.8916,-212.7579,0.04068315,80,0,150,909.8296,292.7838,0.3737189
7,Eye_Level,False,153.494,-212.0224,7.576978,80,0,150,910.0477,292.1416,0.3001339
7,Eye_Level,False,152.7759,-211.0855,13.39787,80,0,150,910.2533,291.4069,0.2793064
7,Eye_Level,False,152.0196,-211.3062,18.77383,80,0,150,910.4637,291.9175,0.2561775
7,Eye_Level,False,150.6666,-214.3231,22.84035,80,0,150,910.6697,295.2087,0.2531928
7,Eye_Level,False,149.2602,-218.7201,25.86437,80,0,150,910.8797,299.8386,0.2906274
7,Eye_Level,False,147.7332,-222.0436,28.21969,80,0,150,911.0892,303.3675,0.1820241
7,Eye_Level,False,147.1712,-223.4742,29.85769,80,0,150,911.2993,304.9526,0.07354607
7,Eye_Level,False,146.3808,-224.4604,30.27896,80,0,150,911.5087,305.9838,0.04491183
7,Eye_Level,False,145.6905,-224.9355,29.79554,80,0,150,911.7163,306.418,0.06135112
7,Eye_Level,False,145.1392,-225.8819,29.28868,80,0,150,911.9255,307.3193,0.05159694
7,Eye_Level,False,145.3673,-226.2223,29.08965,80,0,150,912.1347,307.6358,0.01227149
7,Eye_Level,False,145.4985,-226.4376,28.94584,80,0,150,912.3436,307.8346,0.03509657
7,Eye_Level,False,145.6007,-226.6979,28.70241,80,0,150,912.5527,308.0694,0.01945001
7,Eye_Level,False,145.6027,-227.1153,28.77716,80,0,150,912.7614,308.492,0.02458569
7,Eye_Level,False,145.5987,-227.62,28.75656,80,0,150,912.9713,308.9926,0.03772763
7,Eye_Level,False,145.8419,-227.8862,28.2508,80,0,150,913.1787,309.2075,0.02630576
7,Eye_Level,False,145.9828,-228.0261,27.77351,80,0,150,913.39,309.3017,0.02631346
7,Eye_Level,False,146.1384,-228.015,26.31193,80,0,150,913.5975,309.1609,0.1000963
7,Eye_Level,False,148.9658,-226.887,20.58984,80,0,150,913.8063,307.5787,0.5744147
7,Eye_Level,False,153.2915,-220.8285,15.05836,80,0,150,914.0116,301.2231,0.2987762
7,Eye_Level,False,154.5071,-216.926,11.92471,80,0,150,914.2557,297.1995,0.1906677
7,Eye_Level,False,154.9123,-215.2159,10.41545,80,0,150,914.4794,295.4404,0.1034128
7,Eye_Level,False,156.0314,-212.0097,7.922971,80,0,150,914.701,292.1794,0.2795264
7,Eye_Level,False,156.3928,-205.9809,5.595385,80,0,150,914.9256,286.1071,0.2481557
7,Eye_Level,False,158.7489,-201.3674,7.313622,80,0,150,915.1395,281.5984,0.2183045
7,Eye_Level,False,160.2596,-202.0673,10.96987,80,0,150,915.3582,282.4669,0.07490149
7,Eye_Level,False,160.8808,-202.5464,13.12412,80,0,150,915.6349,283.0603,0.06438641
7,Eye_Level,False,160.7436,-200.2028,13.39327,80,0,150,915.8436,280.7283,0.1718946
7,Eye_Level,False,155.1595,-195.5244,11.72711,80,0,150,916.0527,275.8221,0.5182796
7,Eye_Level,False,154.2645,-189.7807,17.22878,80,0,150,916.2624,270.3639,0.4223973
7,Eye_Level,False,155.4628,-180.3231,24.49729,80,0,150,916.4703,261.5302,0.6979191
7,Eye_Level,False,159.6849,-168.2913,34.38973,80,0,150,916.6788,250.8486,0.7228106
7,Eye_Level,False,160.1897,-156.644,41.73796,80,0,150,916.8879,240.5125,0.6375802
7,Eye_Level,False,159.4732,-144.3887,45.2578,80,0,150,917.0979,229.1032,0.6860678
7,Eye_Level,False,158.0405,-128.7249,45.56461,80,0,150,917.3052,213.7916,0.8297222
7,Eye_Level,False,161.0022,-111.09,46.40369,80,0,150,917.5143,196.9511,0.8568079
7,Eye_Level,False,160.049,-94.51099,50.17884,80,0,150,917.7092,181.8598,0.7105975
7,Eye_Level,False,157.7357,-72.80259,55.2542,80,0,150,917.9468,162.6699,0.9812949
7,Eye_Level,False,160.7111,-52.21832,61.03123,80,0,150,918.1716,146.0179,0.9228491
7,Eye_Level,False,160.0328,-32.97691,63.543,80,0,150,918.3964,130.0083,0.9364608
7,Eye_Level,False,158.0742,-10.40077,63.32761,80,0,150,918.6202,110.6701,1.071918
7,Eye_Level,False,161.9997,12.76586,63.32117,80,0,150,918.8458,93.13428,0.9934785
7,Eye_Level,False,158.8095,35.3317,64.28708,80,0,150,919.0693,78.77621,1.033061
7,Eye_Level,False,158.9214,61.21979,68.7152,80,0,150,919.2939,71.79182,1.279372
7,Eye_Level,False,160.5153,84.73737,71.62177,80,0,150,919.5185,72.54441,0.9373617
7,Eye_Level,False,156.9093,105.8899,71.01818,80,0,150,919.7426,75.90525,0.9442416
7,Eye_Level,False,158.419,129.4156,66.90411,80,0,150,919.9651,83.59985,1.202901
7,Eye_Level,False,159.4364,149.227,63.87008,80,0,150,920.1901,94.66156,0.8410414
7,Eye_Level,False,157.2356,166.3566,59.17972,80,0,150,920.399,104.9383,0.6293807
7,Eye_Level,False,158.4435,186.0632,54.39542,80,0,150,920.6372,119.4971,0.8897213
7,Eye_Level,False,159.9195,202.388,50.26528,80,0,150,920.8481,132.6794,0.7592131
7,Eye_Level,False,158.4406,218.2068,44.76804,80,0,150,921.0584,145.5216,0.7879598
7,Eye_Level,False,155.8516,234.4365,37.10712,80,0,150,921.2683,158.9397,0.9473121
7,Eye_Level,False,158.6275,251.2178,30.06424,80,0,150,921.4796,174.0512,0.8143818
7,Eye_Level,False,158.9581,265.4603,27.6225,80,0,150,921.6871,187.7199,0.6930751
7,Eye_Level,False,156.8228,279.2805,26.50231,80,0,150,921.8998,201.1508,0.6988879
7,Eye_Level,False,158.0365,294.5722,23.85539,80,0,150,922.1055,216.0438,0.7262152
7,Eye_Level,False,158.3822,306.2807,21.32677,80,0,150,922.3167,227.438,0.4914795
7,Eye_Level,False,158.1494,316.6777,18.40724,80,0,150,922.5262,237.5323,0.487815
7,Eye_Level,False,157.2513,327.6331,13.78096,80,0,150,922.7367,248.1222,0.5930865
7,Eye_Level,False,158.532,338.548,9.750069,80,0,150,922.946,258.8724,0.4937208
7,Eye_Level,False,158.4497,345.8082,7.547367,80,0,150,923.1546,266.0496,0.2909943
7,Eye_Level,False,158.2153,350.0739,7.379758,80,0,150,923.3661,270.2996,0.1625862
7,Eye_Level,False,157.8562,351.4177,8.330572,80,0,150,923.5712,271.6591,0.05800625
7,Eye_Level,False,157.6853,350.5367,11.77601,80,0,150,923.7806,270.9019,0.3031942
7,Eye_Level,False,156.7878,345.8414,18.16753,80,0,150,923.9854,266.5479,0.3908309
7,Eye_Level,False,156.1479,339.9743,24.36279,80,0,150,924.1896,261.1857,0.4086424
7,Eye_Level,False,155.122,331.2659,35.36786,80,0,150,924.4523,253.7946,0.5930414
7,Eye_Level,False,155.07,326.0396,43.07479,80,0,150,924.6611,249.8332,0.5108745
7,Eye_Level,False,154.8873,322.9953,50.01081,80,0,150,924.8851,248.1364,0.2709592
7,Eye_Level,False,154.096,322.841,58.10388,80,0,150,925.0934,249.7291,0.4291191
7,Eye_Level,False,154.0182,325.2117,69.01854,80,0,150,925.329,254.7714,0.6644878
7,Eye_Level,False,157.2687,328.3766,80.29179,80,0,150,925.5408,261.1332,0.5945232
7,Eye_Level,False,158.951,330.1584,91.75104,80,0,150,925.751,266.6038,0.5508512
7,Eye_Level,False,159.5368,330.583,102.3941,80,0,150,925.9602,270.864,0.5112907
7,Eye_Level,False,158.4358,330.096,113.9923,80,0,150,926.17,274.979,0.5924604
7,Eye_Level,False,160.4595,329.6245,126.2163,80,0,150,926.3825,279.9148,0.5631015
7,Eye_Level,False,160.8925,329.4648,135.1509,80,0,150,926.5906,283.9315,0.3669481
7,Eye_Level,False,161.3266,330.7707,139.8784,80,0,150,926.8017,287.3677,0.178154
7,Eye_Level,False,160.9527,332.4318,140.0999,80,0,150,927.011,288.9113,0.1054541
7,Eye_Level,False,160.8939,334.5712,142.5274,80,0,150,927.2202,291.9576,0.1879445
7,Eye_Level,False,160.1037,334.4419,146.8066,80,0,150,927.4302,293.9302,0.2468873
7,Eye_Level,False,159.309,334.2656,150.951,80,0,150,927.6385,295.8443,0.1719734
7,Eye_Level,False,160.1363,326.2708,150.1676,80,0,150,927.8462,288.6215,0.4947658
7,Eye_Level,False,160.2142,308.3111,150.9631,80,0,150,928.0709,273.898,0.9747239
7,Eye_Level,False,159.9082,292.7572,157.4766,80,0,150,928.3063,264.8824,0.6536565
7,Eye_Level,False,160.6901,287.5019,158.5963,80,0,150,928.5118,261.3888,0.2073981
7,Eye_Level,False,159.8964,282.3517,153.8563,80,0,150,928.7482,254.3932,0.3564022
7,Eye_Level,False,159.4577,275.8349,145.9273,80,0,150,928.9987,244.4085,0.4571162
7,Eye_Level,False,159.3849,265.7159,140.0144,80,0,150,929.2492,232.7713,0.4803803
7,Eye_Level,False,159.7372,255.9179,137.4007,80,0,150,929.4866,223.4298,0.4386815
7,Eye_Level,False,160.9272,251.0601,132.4031,80,0,150,929.696,216.5907,0.2549561
7,Eye_Level,False,161.3923,250.5865,129.2934,80,0,150,929.9034,214.3509,0.1910754
7,Eye_Level,False,161.1696,250.4057,127.8883,80,0,150,930.113,213.3501,0.05668574
7,Eye_Level,False,161.2886,249.3863,127.6052,80,0,150,930.3214,212.3729,0.09264261
7,Eye_Level,False,160.8066,243.8511,128.4933,80,0,150,930.5305,208.5054,0.3956439
7,Eye_Level,False,160.0477,234.8757,134.2838,80,0,150,930.7391,205.2306,0.5573306
7,Eye_Level,False,159.8471,227.0577,134.9466,80,0,150,930.9483,199.8337,0.3120689
7,Eye_Level,False,160.888,228.9881,133.8259,80,0,150,931.158,200.5626,0.2513484
7,Eye_Level,False,160.2728,233.527,137.9242,80,0,150,931.3947,206.6377,0.3055827
7,Eye_Level,False,160.2055,235.3377,140.7911,80,0,150,931.6133,209.8954,0.03608567
7,Eye_Level,False,160.2925,234.2973,140.3316,80,0,150,931.8235,208.8218,0.09157754
7,Eye_Level,False,160.548,230.8656,140.0677,80,0,150,932.0327,206.1326,0.2527953
7,Eye_Level,False,159.7938,226.6908,138.9353,80,0,150,932.2402,202.2798,0.2205383
7,Eye_Level,False,159.4995,221.6008,136.1656,80,0,150,932.4493,196.6777,0.3116619
7,Eye_Level,False,159.2166,207.6595,131.2896,80,0,150,932.6565,183.3544,1.056373
7,Eye_Level,False,158.9745,190.5738,132.1152,80,0,150,932.8638,172.5153,0.6655312
7,Eye_Level,False,160.3546,172.0906,130.7199,80,0,150,933.134,160.236,0.8015425
7,Eye_Level,False,157.6479,155.9782,130.0242,80,0,150,933.3419,150.7895,0.7601426
7,Eye_Level,False,155.401,138.8547,130.467,80,0,150,933.5524,143.2295,0.8678316
7,Eye_Level,False,160.7884,121.8712,130.0593,80,0,150,933.7597,137.0584,0.8130197
7,Eye_Level,False,159.4374,106.2838,126.3542,80,0,150,933.9698,129.4035,0.7563909
7,Eye_Level,False,157.152,89.07168,119.7566,80,0,150,934.1786,120.3125,0.9315069
7,Eye_Level,False,160.1539,68.664,110.781,80,0,150,934.4164,111.8214,0.6369609
7,Eye_Level,False,160.5283,52.58782,104.3148,80,0,150,934.6411,108.3691,0.7955382
7,Eye_Level,False,158.593,35.76656,98.36403,80,0,150,934.8646,108.1939,0.7914908
7,Eye_Level,False,160.9652,19.20927,93.40574,80,0,150,935.0889,111.9838,0.6815797
7,Eye_Level,False,162.2785,8.397412,88.94976,80,0,150,935.3118,114.8466,0.4677764
7,Eye_Level,False,161.7054,2.728915,87.10104,80,0,150,935.5358,117.0232,0.1883655
7,Eye_Level,False,161.0084,2.416372,84.59068,80,0,150,935.7605,115.3082,0.2179516
7,Eye_Level,False,161.6238,13.83798,83.99853,80,0,150,935.9936,107.5559,0.7434255
7,Eye_Level,False,162.4738,24.90284,90.21338,80,0,150,936.2192,106.4413,0.5784057
7,Eye_Level,False,159.815,38.09664,98.53381,80,0,150,936.4454,107.5227,0.7876322
7,Eye_Level,False,160.4537,54.68638,107.9475,80,0,150,936.6685,111.3675,0.9347535
7,Eye_Level,False,159.7495,73.02153,113.0049,80,0,150,936.8952,113.6392,0.8695995
7,Eye_Level,False,157.5069,95.15063,115.0767,80,0,150,937.1182,116.3123,1.097966
7,Eye_Level,False,161.7598,117.1956,119.2124,80,0,150,937.3442,125.4328,0.9364408
7,Eye_Level,False,159.1707,136.101,126.3385,80,0,150,937.5663,138.5382,0.9633834
7,Eye_Level,False,159.5317,158.5562,136.8014,80,0,150,937.7888,158.0397,1.182742
7,Eye_Level,False,161.9346,180.1437,143.8915,80,0,150,938.0116,175.7156,0.9520937
7,Eye_Level,False,158.6474,199.7793,147.6982,80,0,150,938.2373,190.3592,0.6594523
7,Eye_Level,False,159.7751,218.8802,149.3912,80,0,150,938.4483,204.2082,0.9735536
7,Eye_Level,False,156.233,239.1647,152.9129,80,0,150,938.6588,220.8045,0.9395153
7,Eye_Level,False,159.0193,259.0764,157.3363,80,0,150,938.8691,238.5465,0.9114398
7,Eye_Level,False,157.3096,278.9299,160.6183,80,0,150,939.0798,255.7826,0.8694363
7,Eye_Level,False,159.3546,297.0052,159.8299,80,0,150,939.2897,269.6746,0.8333937
7,Eye_Level,False,156.8375,311.3912,159.2358,80,0,150,939.5002,280.971,0.7093726
7,Eye_Level,False,159.5912,323.1913,160.0314,80,0,150,939.7115,291.28,0.4941122
7,Eye_Level,False,159.5438,332.2621,161.5863,80,0,150,939.9192,299.7289,0.3793953
7,Eye_Level,False,159.9505,338.351,162.9436,80,0,150,940.1304,305.6058,0.2451746
7,Eye_Level,False,160.0387,341.1426,163.2007,80,0,150,940.3378,308.1083,0.05936809
7,Eye_Level,False,160.702,338.1086,158.8701,80,0,150,940.5478,303.2726,0.418701
7,Eye_Level,False,160.1176,323.2913,159.2589,80,0,150,940.7604,290.9578,1.064108
7,Eye_Level,False,159.9926,304.3717,165.2647,80,0,150,940.9702,278.8457,0.8821977
7,Eye_Level,False,160.6605,282.8243,170.6259,80,0,150,941.2369,265.2632,0.745882
7,Eye_Level,False,159.3725,266.0559,170.4406,80,0,150,941.4454,252.4968,0.905762
7,Eye_Level,False,156.5731,246.7062,166.8783,80,0,150,941.6543,235.9715,0.9953915
7,Eye_Level,False,159.7979,223.073,159.0723,80,0,150,941.8912,214.1725,1.004791
7,Eye_Level,False,156.8174,199.8712,153.8984,80,0,150,942.1285,195.193,0.8539107
7,Eye_Level,False,155.3429,176.319,148.7268,80,0,150,942.3518,177.2726,0.9384657
7,Eye_Level,False,160.0558,154.2341,141.7081,80,0,150,942.5591,160.2904,1.074882
7,Eye_Level,False,157.7736,134.6365,132.9804,80,0,150,942.7678,143.9769,1.138074
7,Eye_Level,False,159.1038,112.2908,122.4206,80,0,150,942.9767,126.9346,1.316103
7,Eye_Level,False,160.0934,87.41739,113.6007,80,0,150,943.2278,114.2892,0.8111989
7,Eye_Level,False,155.7765,62.94939,105.7242,80,0,150,943.4662,107.246,1.143538
7,Eye_Level,False,159.5721,37.89825,97.80809,80,0,150,943.6924,106.914,1.145531
7,Eye_Level,False,159.7813,18.79666,85.82024,80,0,150,943.9155,105.8614,0.9640234
7,Eye_Level,False,156.2193,-1.899505,71.80875,80,0,150,944.1396,109.0995,1.203559
7,Eye_Level,False,159.7542,-23.53724,56.17617,80,0,150,944.3638,118.1984,1.166889
7,Eye_Level,False,157.4588,-43.27302,41.60329,80,0,150,944.5878,130.3177,1.150901
7,Eye_Level,False,155.8709,-64.1566,28.73782,80,0,150,944.8121,147.1103,1.091719
7,Eye_Level,False,159.049,-84.14864,15.49578,80,0,150,945.038,165.1266,1.016491
7,Eye_Level,False,155.2237,-100.021,-1.640105,80,0,150,945.2593,180.1043,1.063348
7,Eye_Level,False,157.6569,-115.7926,-19.67757,80,0,150,945.4839,196.9278,1.018801
7,Eye_Level,False,157.8503,-132.4168,-29.1087,80,0,150,945.7081,214.5457,0.7879968
7,Eye_Level,False,154.3584,-147.5141,-38.41423,80,0,150,945.9281,230.7755,0.9011118
7,Eye_Level,False,155.0746,-162.6784,-52.35922,80,0,150,946.1526,248.3144,0.9152358
7,Eye_Level,False,155.9477,-170.7125,-65.97506,80,0,150,946.3533,259.3161,0.6898759
7,Eye_Level,False,153.65,-179.9293,-77.05701,80,0,150,946.5621,271.1353,0.7395297
7,Eye_Level,False,153.965,-189.8811,-88.73071,80,0,150,946.7719,284.1208,0.7238541
7,Eye_Level,False,154.0739,-197.5925,-98.78833,80,0,150,946.9818,294.675,0.5273172
7,Eye_Level,False,152.3855,-203.6509,-106.1567,80,0,150,947.1923,302.8741,0.37424
7,Eye_Level,False,150.1479,-208.3006,-110.253,80,0,150,947.4033,308.6632,0.2591799
7,Eye_Level,False,146.9672,-212.2235,-112.814,80,0,150,947.613,313.2583,0.2492698
7,Eye_Level,False,144.8521,-214.8353,-114.1511,80,0,150,947.8225,316.2038,0.1343279
7,Eye_Level,False,143.8263,-216.0508,-114.7742,80,0,150,948.0314,317.5804,0.05219932
7,Eye_Level,False,144.5609,-215.4431,-114.6196,80,0,150,948.2402,316.9446,0.1048664
7,Eye_Level,False,146.761,-213.8652,-113.8326,80,0,150,948.4476,315.1588,0.206298
7,Eye_Level,False,150.5049,-210.6499,-110.1869,80,0,150,948.658,310.8356,0.3570401
7,Eye_Level,False,153.0264,-207.2012,-103.7966,80,0,150,948.8633,305.3971,0.3525261
7,Eye_Level,False,153.4224,-203.5861,-98.84892,80,0,150,949.0907,300.3396,0.2370462
7,Eye_Level,False,154.4272,-199.6859,-95.24438,80,0,150,949.3151,295.4916,0.2255198
7,Eye_Level,False,155.4557,-197.8368,-90.10883,80,0,150,949.5125,292.1346,0.3145135
7,Eye_Level,False,154.9436,-197.4753,-79.67951,80,0,150,949.726,288.7313,0.6028951
7,Eye_Level,False,156.7376,-197.9467,-69.18371,80,0,150,949.9384,286.5068,0.3573658
7,Eye_Level,False,158.0385,-195.1294,-65.57303,80,0,150,950.146,282.9499,0.2350083
7,Eye_Level,False,158.3317,-189.1215,-62.49181,80,0,150,950.3554,276.4074,0.373525
7,Eye_Level,False,156.53,-180.9847,-57.12773,80,0,150,950.5969,267.2438,0.4312783
7,Eye_Level,False,157.3899,-174.1466,-51.40098,80,0,150,950.8173,259.3977,0.4364263
7,Eye_Level,False,158.646,-171.1597,-45.51407,80,0,150,951.0386,255.3967,0.2941035
7,Eye_Level,False,160.1853,-172.8296,-40.66492,80,0,150,951.2576,256.2814,0.2417077
7,Eye_Level,False,160.0285,-176.1122,-36.91641,80,0,150,951.4775,258.9534,0.1822434
7,Eye_Level,False,161.3992,-175.1115,-32.22852,80,0,150,951.7003,257.3917,0.3090175
7,Eye_Level,False,161.5772,-175.4149,-29.11614,80,0,150,951.9438,257.3296,0.104594
7,Eye_Level,False,161.8529,-174.5596,-28.16416,80,0,150,952.1522,256.387,0.05683039
7,Eye_Level,False,162.5144,-173.3923,-26.764,80,0,150,952.361,255.109,0.1017791
7,Eye_Level,False,162.6472,-172.5549,-26.93487,80,0,150,952.572,254.3018,0.04806273
7,Eye_Level,False,162.6077,-172.2864,-26.78779,80,0,150,952.7781,254.0177,0.01851703
7,Eye_Level,False,162.5274,-171.9358,-26.65359,80,0,150,952.9867,253.6514,0.01515895
7,Eye_Level,False,162.6151,-171.9446,-26.32509,80,0,150,953.1965,253.6301,0.05065744
7,Eye_Level,False,162.3895,-171.8223,-25.83772,80,0,150,953.4048,253.4473,0.03433653
7,Eye_Level,False,162.3982,-171.4739,-25.01813,80,0,150,953.6142,253.0192,0.05711116
7,Eye_Level,False,162.2304,-171.1263,-24.76402,80,0,150,953.8222,252.6406,0.01836569
7,Eye_Level,False,161.6187,-170.5516,-24.12459,80,0,150,954.0334,251.9784,0.06859252
7,Eye_Level,False,161.7528,-170.5565,-23.92584,80,0,150,954.2401,251.9705,0.05421053
7,Eye_Level,False,161.8201,-170.9017,-25.19432,80,0,150,954.4496,252.4403,0.08201138
7,Eye_Level,False,162.1068,-171.2795,-26.5483,80,0,150,954.6578,252.9679,0.05187465
7,Eye_Level,False,162.3504,-171.2154,-26.85727,80,0,150,954.8671,252.9487,0.02567906
7,Eye_Level,False,162.0674,-171.2422,-26.5591,80,0,150,955.0773,252.9301,0.03398367
7,Eye_Level,False,162.7334,-170.2604,-25.04245,80,0,150,955.2856,251.8323,0.1500573
7,Eye_Level,False,163.0818,-168.899,-21.8279,80,0,150,955.4948,250.1965,0.2369506
7,Eye_Level,False,163.2538,-167.4106,-14.4909,80,0,150,955.7021,248.1887,0.4082774
7,Eye_Level,False,164.0019,-165.1526,-6.745994,80,0,150,955.9111,245.6448,0.3833669
7,Eye_Level,False,164.0248,-162.6592,-0.7432282,80,0,150,956.1196,243.0653,0.280866
7,Eye_Level,False,163.7243,-160.7964,3.648609,80,0,150,956.3151,241.2148,0.21807
7,Eye_Level,False,163.3319,-160.423,5.424136,80,0,150,956.5445,240.8534,0.0432103
7,Eye_Level,False,163.0211,-161.1696,7.17997,80,0,150,956.7663,241.6275,0.04760316
7,Eye_Level,False,162.8322,-161.4254,7.311005,80,0,150,956.9889,241.8767,0.0359486
7,Eye_Level,False,162.5602,-160.7982,6.971377,80,0,149.8742,957.2122,241.2329,0.04536428
7,end,False,162.4224,-160.0647,6.239766,80,0,132.1012,957.4346,242.0524,0.03750887
7,end,False,162.0748,-159.5027,6.400174,80,0,99.1643,957.6579,247.7099,0.02170891
7,end,False,161.5728,-159.0222,6.967396,80,0,60.01083,957.8795,259.7979,0.0549868
7,end,False,160.4563,-156.7399,6.158531,80,0,24.84085,958.103,272.9016,0.2085953
7,end,False,158.3893,-154.4393,5.260486,80,0,2.834225,958.3259,281.4016,0.07935792
7,end,False,157.9454,-154.4929,4.244894,80,0,0,958.549,282.7573,0.06486318
7,end,False,157.375,-156.6393,2.446592,80,0,0,958.7714,284.2025,0.1435748
7,end,False,157.8491,-158.2951,0.4291892,80,0,0,958.9931,285.834,0.09773762
7,end,False,157.6409,-158.6742,-0.3383934,80,0,0,959.2168,286.0352,0.07284645
7,end,False,157.5061,-159.1334,-1.232588,80,0,0,959.4493,286.3468,0.0335896
7,end,False,157.5601,-159.4197,-1.208931,80,0,0,959.6571,286.6154,0.01738222
7,end,False,157.6494,-159.6107,-1.237279,80,0,0,959.8651,286.8242,0.005901444
7,end,False,156.9198,-159.5612,-2.331007,80,0,0,960.0737,286.3893,0.07699641
7,end,False,157.3584,-160.8116,-3.407443,80,0,0,960.2825,287.6865,0.04912335
7,end,False,157.2732,-160.9169,-4.003006,80,0,0,960.492,287.7357,0.02345749
7,end,False,157.227,-161.4473,-4.568249,80,0,0,960.7016,288.1631,0.0472387
7,end,False,159.0685,-161.7293,-4.594809,80,0,0,960.9087,289.4079,0.2300614
7,end,False,160.531,-163.6192,-3.766787,80,0,0,961.1174,291.7785,0.08609209
7,end,False,161.0218,-163.9066,-4.211986,80,0,0,961.3261,292.2947,0.07289578
7,end,False,160.8846,-164.5348,-4.867393,80,0,0,961.5354,292.7539,0.05655088
7,end,False,160.9366,-165.2918,-6.218463,80,0,0,961.7439,293.4405,0.07998427
7,end,False,160.705,-166.3773,-7.253176,80,0,0,961.9532,294.2456,0.08452918
7,end,False,160.5822,-167.3841,-8.774763,80,0,0,962.1614,295.0636,0.1014743
7,end,False,160.1007,-167.9365,-11.1158,80,0,0,962.3721,295.3444,0.1140445
7,end,False,160.1587,-167.9921,-13.81804,80,0,0,962.5792,295.5365,0.1589099
7,end,False,159.9083,-167.1093,-14.43414,80,0,0,962.7776,294.6896,0.05721749
7,end,False,158.9181,-166.6968,-14.02284,80,0,0,963.0039,293.7872,0.1018011
7,end,False,159.0589,-169.7598,-12.29323,80,0,0,963.2306,296.3627,0.2104247
7,end,False,159.0201,-173.8425,-10.04261,80,0,0,963.4567,299.707,0.1895845
7,end,False,159.1063,-176.0061,-9.239131,80,0,0,963.6821,301.5615,0.05832368
7,end,False,158.9516,-176.9005,-9.003269,80,0,0,963.9037,302.2326,0.0386522
7,end,False,159.0134,-177.206,-9.006941,80,0,0,964.1269,302.5249,0.02404441
7,end,False,158.671,-180.6646,-8.517417,80,0,0,964.3501,305.2787,0.3216882
7,end,False,156.052,-188.0265,-3.401723,80,0,0,964.5482,310.1645,0.4406825
7,end,False,154.8724,-193.34,1.506388,80,0,0,964.7603,314.1695,0.2710701
7,end,False,154.8782,-195.065,3.506958,80,0,0,964.9688,315.6902,0.09028529
7,end,False,154.2094,-194.4117,2.919734,80,0,0,965.1768,314.787,0.0975965
7,end,False,154.2941,-193.2601,3.165519,80,0,0,965.436,313.8276,0.04110978
7,end,False,154.3028,-193.2618,3.847778,80,0,0,965.6586,313.841,0.0286129
7,end,False,154.3733,-193.5175,4.026473,80,0,0,965.8826,314.1005,0.01074962
7,end,False,154.3044,-193.4992,3.676355,80,0,0,966.1049,314.0464,0.0317934
7,end,False,154.7812,-192.8688,2.735531,80,0,0,966.3259,313.7229,0.1125397
7,end,False,155.6633,-192.5385,-4.061094,80,0,0,966.5383,313.8865,0.3280457
7,end,False,156.3904,-189.965,-5.832419,80,0,0,966.7508,312.0466,0.1125049
7,end,False,155.2565,-186.6876,-2.189955,80,0,0,967.0062,308.5963,0.299734
7,end,False,155.1325,-177.5834,6.877131,80,0,0,967.2485,300.77,0.7891415
7,end,False,155.6411,-170.5957,15.49079,80,0,0,967.4554,295.402,0.5033428
7,end,False,157.8131,-165.7609,22.45423,80,0,0,967.7176,292.9294,0.2562943
7,end,False,152.0617,-164.7668,20.84724,80,0,0,967.9257,288.9085,0.3988003
7,end,False,149.4612,-163.9895,15.29693,80,0,0,968.1687,286.5371,0.2325459
7,end,False,152.4266,-164.2395,12.31491,80,0,0,968.3934,288.164,0.3544017
7,end,False,157.6868,-167.1879,12.28051,80,0,0,968.6278,293.4583,0.279191
7,end,False,158.9841,-169.561,13.12324,80,0,0,968.8314,296.1906,0.1363841
7,end,False,159.6573,-170.0325,12.44904,80,0,0,969.0392,296.9203,0.0543983
7,end,False,159.0717,-168.8433,11.97121,80,0,0,969.2481,295.5844,0.05479542
7,end,False,158.7862,-168.105,12.31222,80,0,0,969.4568,294.8232,0.04909671
7,end,False,158.8137,-168.5626,12.83216,80,0,0,969.6655,295.2454,0.05739994
7,end,False,158.6074,-169.9092,14.24233,80,0,0,969.9183,296.3338,0.09506261
7,end,False,158.6898,-170.5933,14.03779,80,0,0,970.1439,296.9453,0.08900762
7,end,False,158.4306,-170.7615,12.40258,80,0,0,970.3671,296.876,0.0520303
7,end,False,158.5002,-170.4607,12.11206,80,0,0,970.5902,296.6472,0.03356821
7,end,False,158.4936,-170.4581,12.73779,80,0,0.05186162,970.8128,296.64,0.05513702
7,Below_Eyes,False,158.5634,-171.3153,13.45281,80,0,17.94085,971.0363,288.2969,0.0666808
7,Below_Eyes,False,158.478,-171.9009,12.9857,80,0,51.49349,971.2579,273.9861,0.02148005
7,Below_Eyes,False,158.8314,-172.2639,11.54887,80,0,86.47082,971.4812,262.6909,0.1110881
7,Below_Eyes,False,160.1684,-174.0334,8.737153,80,0,108.2177,971.7053,259.4382,0.1219118
7,Below_Eyes,False,161.3328,-174.5744,6.271613,80,0,110,971.9285,259.774,0.1500597
7,Below_Eyes,False,159.9694,-178.6949,4.288715,80,0,110,972.1565,263.5116,0.1933302
7,Below_Eyes,False,158.0562,-185.0838,7.043138,80,0,110,972.3706,269.4966,0.2613159
7,Below_Eyes,False,156.6166,-189.9567,12.06786,80,0,110,972.5867,274.2177,0.2663255
7,Below_Eyes,False,154.7605,-193.842,16.64218,80,0,110,972.7989,277.9746,0.2939452
7,Below_Eyes,False,153.1173,-199.1635,20.29473,80,0,110,973.0065,283.2018,0.3533395
7,Below_Eyes,False,152.3413,-206.2265,22.24077,80,0,110,973.2138,290.1949,0.3608847
7,Below_Eyes,False,151.6725,-211.0829,22.02658,80,0,110,973.4258,294.8745,0.1719801
7,Below_Eyes,False,151.3419,-213.586,21.88998,80,0,110,973.6351,297.2896,0.08596607
7,Below_Eyes,False,150.7743,-214.9897,22.2505,80,0,110,973.8449,298.6245,0.05704221
7,Below_Eyes,False,150.5519,-215.1664,21.90472,80,0,110,974.0538,298.7432,0.07377266
7,Below_Eyes,False,150.6512,-215.0016,20.78441,80,0,110,974.2614,298.5137,0.08752266
7,Below_Eyes,False,150.6806,-215.3033,18.90396,80,0,110,974.47,298.691,0.07392596
7,Below_Eyes,False,151.8278,-215.8524,15.43468,80,0,110,974.6804,299.193,0.3305122
7,Below_Eyes,False,155.3321,-212.1059,10.06297,80,0,110,974.8868,295.7737,0.2558442
7,Below_Eyes,False,156.1422,-210.4451,7.781589,80,0,110,975.0928,294.1904,0.1270206
7,Below_Eyes,False,157.1025,-205.6263,5.714522,80,0,110,975.2985,289.5404,0.3352964
7,Below_Eyes,False,157.9278,-197.7647,11.60952,80,0,110,975.5394,282.1083,0.3924691
7,Below_Eyes,False,158.0812,-194.0232,14.64802,80,0,110,975.7581,278.5948,0.1659188
7,Below_Eyes,False,160.2876,-191.8166,13.67699,80,0,110,975.9803,276.7673,0.211321
7,Below_Eyes,False,159.5108,-185.105,13.89119,80,0,110,976.203,270.0462,0.4315569
7,Below_Eyes,False,157.9821,-179.1026,22.49052,80,0,110,976.4241,264.466,0.5091251
7,Below_Eyes,False,158.3251,-169.5796,31.05869,80,0,110,976.6478,256.1053,0.6733338
7,Below_Eyes,False,160.5932,-152.808,42.17843,80,0,110,976.8704,241.9468,1.03203
7,Below_Eyes,False,162.2333,-135.4754,51.14847,80,0,110,977.0942,227.5393,0.8346411
7,Below_Eyes,False,158.8096,-115.268,55.46722,80,0,110,977.3196,208.7788,0.9538785
7,Below_Eyes,False,159.5083,-91.32351,57.98509,80,0,110,977.5437,187.5236,1.024558
7,Below_Eyes,False,161.8306,-70.56139,65.10322,80,0,110,977.7689,172.0278,0.9884503
7,Below_Eyes,False,157.3303,-47.28294,72.24674,80,0,110,977.9923,153.8203,1.175857
7,Below_Eyes,False,160.4301,-22.1673,79.42108,80,0,110,978.217,138.8851,1.133765
7,Below_Eyes,False,159.3298,1.404357,83.17021,80,0,110,978.4351,124.6113,1.082457
7,Below_Eyes,False,158.5014,27.85864,82.83502,80,0,110,978.657,109.2371,1.24754
7,Below_Eyes,False,162.2281,54.08733,83.21527,80,0,110,978.882,101.6072,1.130985
7,Below_Eyes,False,158.2561,79.51343,83.59121,80,0,110,979.1074,96.52142,1.198067
7,Below_Eyes,False,159.228,106.2197,84.10145,80,0,110,979.3318,100.9154,1.22952
7,Below_Eyes,False,161.9971,129.7688,80.53661,80,0,110,979.555,108.0129,1.028475
7,Below_Eyes,False,158.1213,152.8906,74.16171,80,0,110,979.779,114.5804,1.135165
7,Below_Eyes,False,160.7111,176.6364,65.11687,80,0,110,980.0035,127.0843,1.113562
7,Below_Eyes,False,161.2349,197.3353,59.80204,80,0,110,980.2152,141.3113,1.067634
7,Below_Eyes,False,157.7221,218.2806,54.32652,80,0,110,980.4238,156.0458,1.08843
7,Below_Eyes,False,161.0845,238.9221,48.42356,80,0,110,980.6346,173.8123,0.9878845
7,Below_Eyes,False,160.3134,256.8737,41.21264,80,0,110,980.8463,188.4522,0.8874312
7,Below_Eyes,False,158.3441,273.8229,32.27128,80,0,110,981.0565,202.351,0.9448926
7,Below_Eyes,False,160.7977,290.4296,22.9699,80,0,110,981.2677,217.6893,0.8562713
7,Below_Eyes,False,160.9998,304.4623,18.69458,80,0,110,981.4763,230.9411,0.6685028
7,Below_Eyes,False,159.559,317.1765,17.28476,80,0,110,981.6874,242.9147,0.60548
7,Below_Eyes,False,161.0005,329.9277,17.37636,80,0,110,981.8951,255.6694,0.5995311
7,Below_Eyes,False,161.7112,339.3881,17.25329,80,0,110,982.1069,265.0545,0.3695171
7,Below_Eyes,False,161.8299,345.2621,17.05293,80,0,110,982.3132,270.8157,0.2323828
7,Below_Eyes,False,162.1719,349.2224,15.5609,80,0,110,982.522,274.672,0.1833621
7,Below_Eyes,False,161.7059,349.3997,19.04224,80,0,110,982.7292,274.977,0.3291752
7,Below_Eyes,False,160.8932,345.4563,21.75506,80,0,110,982.9313,271.165,0.171637
7,Below_Eyes,False,160.4485,343.9571,24.31001,80,0,110,983.1622,269.8322,0.1455551
7,Below_Eyes,False,159.9878,342.5974,30.68427,80,0,110,983.3891,269.0682,0.3720864
7,Below_Eyes,False,158.4896,336.9008,44.5464,80,0,110,983.6356,265.2049,0.7630596
7,Below_Eyes,False,161.2013,331.4753,58.8611,80,0,110,983.8609,263.2984,0.5956904
7,Below_Eyes,False,161.4439,328.8856,69.57201,80,0,110,984.0726,263.4972,0.5092606
7,Below_Eyes,False,159.882,329.3163,80.52677,80,0,110,984.2817,266.7047,0.5792638
7,Below_Eyes,False,159.4816,333.1421,93.31898,80,0,110,984.493,274.295,0.7171376
7,Below_Eyes,False,161.327,335.2101,104.018,80,0,110,984.7013,280.3327,0.4673621
7,Below_Eyes,False,163.2199,336.612,113.4625,80,0,110,984.911,285.5798,0.5481185
7,Below_Eyes,False,162.676,338.6674,125.4834,80,0,110,985.1246,292.2836,0.611652
7,Below_Eyes,False,163.868,341.2369,136.8861,80,0,110,985.3328,299.8071,0.5197495
7,Below_Eyes,False,164.3628,343.0956,143.5957,80,0,110,985.5443,304.6216,0.2246416
7,Below_Eyes,False,164.7119,343.6581,145.4653,80,0,110,985.7521,306.0542,0.03313045
7,Below_Eyes,False,164.494,342.7526,144.8467,80,0,110,985.9621,304.9412,0.1501841
7,Below_Eyes,False,163.5696,339.2939,141.78,80,0,110,986.1581,300.3409,0.3357205
7,Below_Eyes,False,162.9812,336.1845,141.058,80,0,110,986.3998,297.2118,0.03601554
7,Below_Eyes,False,162.5199,337.138,141.3361,80,0,110,986.6057,298.0842,0.06371945
7,Below_Eyes,False,161.362,335.3151,141.6926,80,0,110,986.813,296.4805,0.172704
7,Below_Eyes,False,161.457,330.3257,143.4169,80,0,110,987.02,293.0515,0.2189245
7,Below_Eyes,False,158.9165,329.4126,148.739,80,0,110,987.2316,294.4873,0.3464916
7,Below_Eyes,False,157.8576,326.3203,155.4134,80,0,110,987.4485,295.1565,0.2817104
7,Below_Eyes,False,159.3111,322.4038,156.7254,80,0,110,987.6611,292.8379,0.2458631
7,Below_Eyes,False,160.9847,315.0346,152.6801,80,0,110,987.8661,284.8718,0.3433002
7,Below_Eyes,False,161.0907,310.8455,151.2017,80,0,110,988.1064,280.6454,0.09412441
7,Below_Eyes,False,161.5619,310.5558,150.93,80,0,110,988.3398,280.347,0.04880241
7,Below_Eyes,False,160.7888,305.0398,152.4174,80,0,110,988.5563,276.5022,0.3207682
7,Below_Eyes,False,160.1875,305.4119,153.2015,80,0,110,988.8115,277.1281,0.1086615
7,Below_Eyes,False,160.2084,304.4016,149.205,80,0,110,989.0607,274.1151,0.1938478
7,Below_Eyes,False,159.3662,298.614,146.4217,80,0,110,989.3105,267.7096,0.3053792
7,Below_Eyes,False,158.9663,286.8005,150.3207,80,0,110,989.5618,260.3084,0.6106082
7,Below_Eyes,False,162.1492,269.556,157.5087,80,0,110,989.8116,251.9127,0.7592305
7,Below_Eyes,False,161.0544,251.6462,158.064,80,0,110,990.0632,238.8581,0.6955153
7,Below_Eyes,False,157.6273,232.6844,153.1218,80,0,110,990.299,221.4208,0.7650756
7,Below_Eyes,False,160.9481,211.3497,145.5517,80,0,110,990.5078,202.5679,1.187819
7,Below_Eyes,False,158.1012,191.3023,141.9624,80,0,110,990.7176,186.6956,1.017955
7,Below_Eyes,False,153.8347,170.8022,138.7903,80,0,110,990.9247,171.5496,1.089577
7,Below_Eyes,False,153.4868,146.565,135.47,80,0,110,991.1342,157.08,1.285636
7,Below_Eyes,False,158.1089,124.2553,129.8128,80,0,110,991.3429,145.3422,1.094687
7,Below_Eyes,False,156.0973,103.9894,121.4859,80,0,110,991.5521,132.1335,1.127426
7,Below_Eyes,False,157.8548,82.72478,111.4334,80,0,110,991.7604,121.305,1.169965
7,Below_Eyes,False,158.9042,63.33363,104.0984,80,0,110,991.9702,116.2147,0.9367368
7,Below_Eyes,False,155.6573,40.24756,96.36926,80,0,110,992.2095,113.8063,0.9741332
7,Below_Eyes,False,159.8291,15.72483,90.04804,80,0,110,992.4332,121.3379,1.054923
7,Below_Eyes,False,159.3559,-4.743648,78.68983,80,0,110,992.6568,125.7362,1.083649
7,Below_Eyes,False,155.9896,-27.00493,65.98735,80,0,110,992.8817,133.8635,1.188703
7,Below_Eyes,False,159.3761,-47.05222,53.05072,80,0,110,993.1082,146.2691,1.016563
7,Below_Eyes,False,156.1036,-66.25491,42.1446,80,0,110,993.333,159.0353,1.010082
7,Below_Eyes,False,156.4395,-87.50381,32.65913,80,0,110,993.5549,176.8637,1.079786
7,Below_Eyes,False,158.4016,-103.8833,20.95811,80,0,110,993.7786,191.2983,0.8546221
7,Below_Eyes,False,155.1087,-119.3563,8.520961,80,0,110,994.0016,204.5735,0.9435616
7,Below_Eyes,False,157.1815,-135.3812,-7.189613,80,0,110,994.226,220.6056,1.044694
7,Below_Eyes,False,157.0369,-149.6496,-19.26042,80,0,110,994.4515,235.2071,0.7778211
7,Below_Eyes,False,154.4294,-163.2608,-30.74573,80,0,110,994.6729,249.1889,0.7889546
7,Below_Eyes,False,155.1247,-177.7015,-43.07178,80,0,110,994.8969,265.1442,0.7488834
7,Below_Eyes,False,155.3253,-187.277,-55.4672,80,0,110,995.1197,276.7092,0.6697344
7,Below_Eyes,False,153.005,-197.6949,-67.6239,80,0,110,995.345,289.0275,0.7751391
7,Below_Eyes,False,152.6798,-208.2998,-79.94206,80,0,110,995.5569,302.207,0.6537706
7,Below_Eyes,False,150.9694,-215.9847,-87.27381,80,0,110,995.7665,311.2911,0.4304437
7,Below_Eyes,False,148.003,-221.3893,-91.03711,80,0,110,995.9756,317.1238,0.3084724
7,Below_Eyes,False,144.4354,-225.6303,-93.94991,80,0,110,996.1858,321.5933,0.291642
7,Below_Eyes,False,143.3119,-226.9059,-94.7664,80,0,110,996.3959,322.9265,0.01858917
7,Below_Eyes,False,144.6001,-225.4446,-93.7856,80,0,110,996.6053,321.3866,0.1867714
7,Below_Eyes,False,149.2181,-221.4073,-89.52308,80,0,110,996.813,316.8577,0.4514495
7,Below_Eyes,False,153.996,-215.1499,-82.21984,80,0,110,997.022,309.5307,0.5895056
7,Below_Eyes,False,156.8695,-204.5247,-72.03653,80,0,110,997.2292,297.221,0.730522
7,Below_Eyes,False,160.8089,-188.819,-56.67746,80,0,110,997.4808,279.3878,1.015149
7,Below_Eyes,False,162.903,-178.2695,-41.09404,80,0,110,997.6976,266.8156,0.8394381
7,Below_Eyes,False,161.9137,-162.7465,-25.09323,80,0,110,997.9713,249.5007,0.8416971
7,Below_Eyes,False,161.1068,-154.6784,-16.15594,80,0,110,998.1788,240.7215,0.5229335
7,Below_Eyes,False,160.2382,-152.8722,-7.986605,80,0,110,998.3877,238.3635,0.3307383
7,Below_Eyes,False,160.0466,-155.6916,-4.213792,80,0,110,998.5966,240.9833,0.2796573
7,Below_Eyes,False,160.0391,-160.685,-1.21032,80,0,110,998.8062,245.8346,0.2534812
7,Below_Eyes,False,161.9381,-165.387,4.05134,80,0,110,999.0464,250.856,0.4052
7,Below_Eyes,False,162.7377,-168.2426,8.545822,80,0,110,999.2714,253.9265,0.231582
7,Below_Eyes,False,162.7334,-167.9709,11.99717,80,0,110,999.4932,253.7997,0.07263889
7,Below_Eyes,False,162.8948,-168.126,12.19487,80,0,103.7471,999.7172,255.3697,0.02572224
7,end,False,162.3806,-167.1402,12.34159,80,0,76.26663,999.9393,262.0042,0.06503928
7,end,False,161.2487,-166.7356,11.4103,80,0,44.07697,1000.163,273.3823,0.06558057
7,end,False,160.4728,-167.0082,10.6126,80,0,15.28592,1000.384,286.714,0.0890431
7,end,False,159.3709,-167.145,9.166712,80,0,0.4051685,1000.607,293.9979,0.06444973
7,end,False,158.1653,-167.1766,7.397479,80,0,0,1000.83,293.5426,0.1012111
7,end,False,157.4466,-166.5943,6.377733,80,0,0,1001.052,292.6412,0.03877442
7,end,False,157.1017,-166.5779,6.940288,80,0,0,1001.276,292.4547,0.03637287
7,end,False,157.1447,-166.792,7.204122,80,0,0,1001.499,292.6647,0.01800346
7,end,False,157.0206,-167.2549,6.654084,80,0,0,1001.722,292.9756,0.05580611
7,end,False,156.948,-167.6033,5.648607,80,0,0,1001.945,293.2097,0.03176602
7,end,False,156.7251,-168.6627,4.835671,80,0,0,1002.167,293.9715,0.05695302
7,end,False,155.7019,-169.5678,4.506576,80,0,0,1002.39,294.1895,0.1036478
7,end,False,152.8072,-170.0387,1.117814,80,0,0,1002.616,293.0369,0.1865683
7,end,False,152.8493,-172.7814,-3.178459,80,0,0,1002.843,295.4174,0.274169
7,end,False,153.3894,-183.1975,-4.017821,80,0,0,1003.063,304.6595,0.5793734
7,end,False,151.2208,-191.3129,3.226244,80,0,0,1003.269,310.6265,0.3179075
7,end,False,149.6059,-192.558,4.646266,80,0,0,1003.48,310.9524,0.1290066
7,end,False,151.186,-187.7643,-2.526131,80,0,0,1003.689,307.5082,0.6310509
7,end,False,156.4727,-176.6482,-1.560557,80,0,0,1003.917,300.5901,0.4806049
7,end,False,158.0628,-176.3008,2.954352,80,0,0,1004.129,301.1357,0.1477267
7,end,False,158.4393,-176.5878,4.805434,80,0,0,1004.352,301.6015,0.04870587
7,end,False,156.5631,-179.6324,0.144428,80,0,0,1004.575,303.1848,0.4772787
7,end,False,153.1402,-195.0008,2.240741,80,0,0,1004.803,314.7735,0.8939927
7,end,False,150.7702,-201.5788,13.92759,80,0,0,1004.996,319.7065,0.6024498
7,end,False,148.2759,-203.1643,20.80773,80,0,0,1005.21,320.3134,0.1880527
7,end,False,148.6131,-203.2924,18.00417,80,0,0,1005.419,320.4131,0.3903995
7,end,False,153.3751,-194.1275,6.557643,80,0,0,1005.626,314.1859,0.947011
7,end,False,157.078,-182.3221,6.09099,80,0,0,1005.862,305.8161,0.2447426
7,end,False,157.9272,-182.2137,4.91139,80,0,0,1006.08,306.1391,0.05643237
7,end,False,159.0687,-181.3066,6.629023,80,0,0,1006.301,305.9868,0.1605564
7,end,False,160.5,-178.2078,10.65192,80,0,0,1006.524,304.212,0.2842675
7,end,False,162.0422,-177.961,12.31465,80,0,0,1006.745,304.8823,0.1211423
7,end,False,162.5366,-176.6911,10.8983,80,0,0,1006.969,304.0186,0.1359487
7,end,False,162.6981,-175.6295,9.754485,80,0,0,1007.192,303.1703,0.03709874
7,end,False,161.5463,-175.3081,9.100527,80,0,0,1007.416,302.2619,0.09440188
7,end,False,161.1999,-175.0406,10.50643,80,0,0,1007.637,301.8965,0.02483526
7,end,False,160.6822,-174.5521,8.049745,80,0,0,1007.859,301.1317,0.0822059
7,end,False,160.3486,-174.3312,6.822032,80,0,0,1008.085,300.7367,0.07123891
7,end,False,160.3705,-174.945,6.429476,80,0,1.140759,1008.305,300.6532,0.03324704
7,Above_Eyes,False,160.3168,-175.9013,6.42606,80,0,17.2996,1008.527,293.2247,0.04555308
7,Above_Eyes,False,160.5621,-177.2968,4.645461,80,0,42.58413,1008.75,283.0936,0.1436719
7,Above_Eyes,False,160.884,-179.4334,0.7350385,80,0,74.46467,1008.973,273.4493,0.2321422
7,Above_Eyes,False,160.632,-182.1689,-3.638855,80,0,108.5,1009.197,267.3266,0.2418792
7,Above_Eyes,False,159.5828,-188.212,-8.926311,80,0,141.3839,1009.425,268.9769,0.4504424
7,Above_Eyes,False,156.0256,-196.9482,-3.84227,80,0,168.6006,1009.641,277.2602,0.4488955
7,Above_Eyes,False,153.2987,-198.1238,4.06183,80,0,186.2934,1009.857,280.1035,0.248919
7,Above_Eyes,False,151.7839,-198.5303,9.020153,80,0,190,1010.068,281.2845,0.2247581
7,Above_Eyes,False,150.1714,-200.6933,11.88346,80,0,190,1010.277,283.7539,0.1892202
7,Above_Eyes,False,149.2107,-205.2948,12.17617,80,0,190,1010.486,288.453,0.2502804
7,Above_Eyes,False,149.4865,-211.7672,11.43523,80,0,190,1010.698,294.7884,0.3376714
7,Above_Eyes,False,149.9503,-217.6096,10.6489,80,0,190,1010.904,300.481,0.2193732
7,Above_Eyes,False,149.9122,-219.4443,9.644519,80,0,190,1011.114,302.2696,0.06493345
7,Above_Eyes,False,150.3564,-218.8016,7.745157,80,0,190,1011.323,301.5195,0.125283
7,Above_Eyes,False,150.2643,-217.4608,7.022606,80,0,190,1011.532,300.1853,0.07976297
7,Above_Eyes,False,150.0646,-217.0161,6.205711,80,0,190,1011.741,299.7531,0.05419669
7,Above_Eyes,False,151.0622,-215.928,2.904591,80,0,190,1011.949,298.4928,0.2363875
7,Above_Eyes,False,153.5707,-215.3877,-4.281774,80,0,190,1012.158,297.6564,0.5189707
7,Above_Eyes,False,154.6562,-212.3425,-7.304206,80,0,190,1012.362,294.5618,0.1232448
7,Above_Eyes,False,156.962,-205.9404,-5.660474,80,0,190,1012.606,287.8983,0.4995967
7,Above_Eyes,False,160.8532,-194.4242,6.79945,80,0,190,1012.824,276.0515,0.8217636
7,Above_Eyes,False,162.2283,-191.7769,14.5996,80,0,190,1013.038,273.582,0.2726414
7,Above_Eyes,False,162.3564,-185.3091,14.32299,80,0,190,1013.263,267.1296,0.3638008
7,Above_Eyes,False,161.5489,-175.1609,17.02315,80,0,190,1013.486,257.3059,0.5392339
7,Above_Eyes,False,161.3962,-160.0664,25.15301,80,0,190,1013.708,243.0694,0.9626904
7,Above_Eyes,False,163.3263,-144.5945,31.53073,80,0,190,1013.932,228.3601,0.7545785
7,Above_Eyes,False,161.3197,-127.3926,34.76801,80,0,190,1014.157,212.2336,0.8029254
7,Above_Eyes,False,160.9676,-107.7231,34.29491,80,0,190,1014.381,193.0258,0.9947971
7,Above_Eyes,False,163.4852,-87.60526,36.04329,80,0,190,1014.605,173.4753,0.8503969
7,Above_Eyes,False,159.989,-67.90123,40.64369,80,0,190,1014.829,156.2925,1.034464
7,Above_Eyes,False,161.5998,-43.21382,49.15384,80,0,190,1015.053,135.6625,1.339336
7,Above_Eyes,False,164.239,-19.19522,53.27243,80,0,190,1015.278,115.5044,1.088557
7,Above_Eyes,False,159.9363,6.132817,56.17164,80,0,190,1015.501,97.54713,1.188879
7,Above_Eyes,False,162.0165,31.30858,59.33543,80,0,190,1015.725,81.69838,1.095789
7,Above_Eyes,False,161.1551,56.59182,64.55377,80,0,190,1015.964,74.47928,1.479026
7,Above_Eyes,False,157.9823,82.17046,67.77438,80,0,190,1016.174,74.98805,1.215366
7,Above_Eyes,False,162.4362,107.7078,69.8243,80,0,190,1016.385,80.01822,1.123783
7,Above_Eyes,False,160.069,131.1549,68.07693,80,0,190,1016.607,90.26158,1.432157
7,Above_Eyes,False,158.3032,153.3423,63.74134,80,0,190,1016.814,102.2093,1.501612
7,Above_Eyes,False,162.0743,177.1426,59.27743,80,0,190,1017.037,117.1765,1.053903
7,Above_Eyes,False,160.0988,197.5209,54.95089,80,0,190,1017.248,133.1347,1.038292
7,Above_Eyes,False,160.3846,219.4213,50.71133,80,0,190,1017.458,151.2845,1.214919
7,Above_Eyes,False,163.2023,239.2965,44.84295,80,0,190,1017.668,167.6436,0.9419154
7,Above_Eyes,False,160.4574,257.2651,35.90835,80,0,190,1017.881,183.2623,0.9474352
7,Above_Eyes,False,160.6289,274.7226,24.99188,80,0,190,1018.092,198.5047,0.9673874
7,Above_Eyes,False,162.7028,290.2408,17.94061,80,0,190,1018.302,212.7632,0.6806973
7,Above_Eyes,False,161.3006,305.1884,13.21014,80,0,190,1018.511,227.3939,0.7874098
7,Above_Eyes,False,162.1988,320.3233,9.203709,80,0,190,1018.707,242.1011,0.5670135
7,Above_Eyes,False,163.7431,333.5087,6.114233,80,0,190,1018.919,254.9381,0.4928177
7,Above_Eyes,False,164.0837,341.6003,4.651296,80,0,190,1019.142,262.9221,0.2654035
7,Above_Eyes,False,163.8501,345.2755,4.576433,80,0,190,1019.365,266.6005,0.1082523
7,Above_Eyes,False,163.2734,345.8512,7.706821,80,0,190,1019.588,267.3024,0.2172623
7,Above_Eyes,False,162.0983,341.7886,14.39322,80,0,190,1019.809,263.6645,0.4840423
7,Above_Eyes,False,159.5069,333.6292,25.93454,80,0,190,1020.057,256.7688,0.6315652
7,Above_Eyes,False,160.9059,326.3746,35.42589,80,0,190,1020.26,250.6031,0.5270394
7,Above_Eyes,False,161.6174,322.2876,45.61275,80,0,190,1020.467,248.1721,0.5838283
7,Above_Eyes,False,160.3598,321.3073,59.89026,80,0,190,1020.675,250.3889,0.7726076
7,Above_Eyes,False,160.4011,322.8436,75.71453,80,0,190,1020.885,256.0894,0.6479963
7,Above_Eyes,False,161.674,325.2543,85.56741,80,0,190,1021.094,261.2926,0.4630142
7,Above_Eyes,False,161.0189,329.8222,92.75645,80,0,190,1021.305,268.0575,0.3720823
7,Above_Eyes,False,161.9633,337.4896,98.41193,80,0,190,1021.516,277.0773,0.5168496
7,Above_Eyes,False,163.1438,342.7288,105.7792,80,0,190,1021.726,284.4941,0.3848279
7,Above_Eyes,False,163.5054,344.5617,113.0568,80,0,190,1021.935,288.9234,0.3512254
7,Above_Eyes,False,162.9401,345.1195,118.6326,80,0,190,1022.146,291.7093,0.1819734
7,Above_Eyes,False,163.2336,340.6816,118.5298,80,0,190,1022.342,287.612,0.3840838
7,Above_Eyes,False,162.6912,329.6006,119.1252,80,0,190,1022.57,277.9155,0.5544232
7,Above_Eyes,False,162.2667,316.8231,120.3518,80,0,190,1022.776,267.0934,0.7720816
7,Above_Eyes,False,161.3527,294.711,123.8607,80,0,190,1023.005,249.5255,0.9394752
7,Above_Eyes,False,161.5063,280.0176,128.539,80,0,190,1023.242,239.4603,0.6194453
7,Above_Eyes,False,161.2969,268.9556,126.1731,80,0,190,1023.449,229.0147,0.600206
7,Above_Eyes,False,158.3971,251.7741,116.0857,80,0,190,1023.698,209.7164,0.8865384
7,Above_Eyes,False,161.5263,230.0629,106.2806,80,0,190,1023.949,186.0785,0.8965929
7,Above_Eyes,False,160.3108,210.612,102.0971,80,0,190,1024.185,168.4184,0.7575831
7,Above_Eyes,False,157.1419,189.1372,98.97345,80,0,190,1024.395,150.9514,1.119619
7,Above_Eyes,False,158.5737,166.2534,96.64256,80,0,190,1024.603,133.2931,1.084075
7,Above_Eyes,False,157.955,144.988,91.04134,80,0,190,1024.812,116.3566,1.106156
7,Above_Eyes,False,149.5188,120.2868,85.41323,80,0,190,1025.021,102.7481,1.200901
7,Above_Eyes,False,151.0282,96.20442,78.13679,80,0,190,1025.234,88.80735,1.192223
7,Above_Eyes,False,151.6306,76.06828,70.493,80,0,190,1025.427,80.35504,0.9460418
7,Above_Eyes,False,149.2766,51.45421,60.58892,80,0,190,1025.651,78.38542,1.224086
7,Above_Eyes,False,154.2992,27.00679,50.36679,80,0,190,1025.876,81.36116,1.0733
7,Above_Eyes,False,157.3188,8.977962,38.06003,80,0,190,1026.1,86.95261,0.9754895
7,Above_Eyes,False,155.5717,-11.49867,24.35662,80,0,190,1026.326,100.75,1.182058
7,Above_Eyes,False,160.3427,-32.9087,12.30313,80,0,190,1026.549,117.3852,1.045142
7,Above_Eyes,False,157.4597,-52.21917,1.523221,80,0,190,1026.772,136.1731,1.023971
7,Above_Eyes,False,157.6431,-72.624,-8.769703,80,0,190,1026.999,156.2625,1.082378
7,Above_Eyes,False,159.7818,-89.78429,-20.78431,80,0,190,1027.221,173.7004,0.8804727
7,Above_Eyes,False,156.5316,-105.4767,-34.12249,80,0,190,1027.443,191.5361,0.9198464
7,Above_Eyes,False,159.1772,-120.03,-47.63165,80,0,190,1027.667,207.9203,0.853228
7,Above_Eyes,False,158.7163,-135.0125,-56.21544,80,0,190,1027.893,224.4308,0.7377769
7,Above_Eyes,False,156.0754,-149.7777,-61.56141,80,0,190,1028.117,240.2883,0.720344
7,Above_Eyes,False,157.1226,-164.8864,-66.26825,80,0,190,1028.329,255.8159,0.7204568
7,Above_Eyes,False,156.4216,-177.133,-73.24359,80,0,190,1028.542,269.4615,0.664764
7,Above_Eyes,False,154.053,-189.7788,-80.65317,80,0,190,1028.748,283.8621,0.6963611
7,Above_Eyes,False,153.2478,-203.2294,-87.31461,80,0,190,1028.959,298.6527,0.6724228
7,Above_Eyes,False,151.036,-214.2818,-92.46657,80,0,190,1029.17,310.918,0.5616615
7,Above_Eyes,False,148.4896,-220.8863,-95.39983,80,0,190,1029.381,318.3658,0.2473018
7,Above_Eyes,False,147.7691,-222.5538,-96.50307,80,0,190,1029.59,320.3671,0.03266022
7,Above_Eyes,False,149.8645,-219.6349,-96.76914,80,0,190,1029.798,317.4212,0.276539
7,Above_Eyes,False,153.5954,-213.6949,-94.75682,80,0,190,1030.006,310.7425,0.3973263
7,Above_Eyes,False,157.0225,-207.5999,-88.5602,80,0,190,1030.214,302.7278,0.4887741
7,Above_Eyes,False,157.4248,-200.8993,-79.41356,80,0,190,1030.42,293.7211,0.5144119
7,Above_Eyes,False,160.5596,-191.4489,-70.97764,80,0,190,1030.647,282.1153,0.6943039
7,Above_Eyes,False,162.2124,-180.8274,-59.34918,80,0,190,1030.865,268.9339,0.8190901
7,Above_Eyes,False,162.9036,-171.9571,-43.30046,80,0,190,1031.086,257.0828,0.7692347
7,Above_Eyes,False,163.1418,-163.684,-29.20226,80,0,190,1031.33,246.8927,0.5487874
7,Above_Eyes,False,163.3278,-157.8342,-16.60507,80,0,190,1031.594,239.9005,0.4497533
7,Above_Eyes,False,164.8963,-159.6385,-14.88479,80,0,190,1031.802,241.4091,0.1729484
7,Above_Eyes,False,165.1671,-161.9582,-17.75395,80,0,190,1031.999,243.8763,0.1252381
7,Above_Eyes,False,165.0544,-165.1948,-17.0487,80,0,190,1032.274,247.0495,0.2182798
7,Above_Eyes,False,164.8235,-166.5293,-15.29897,80,0,190,1032.485,248.2834,0.0694964
7,Above_Eyes,False,164.5318,-166.5306,-15.32909,80,0,190,1032.726,248.3162,0.07553639
7,Above_Eyes,False,164.6078,-166.5231,-16.21095,80,0,190,1032.949,248.3569,0.05033861
7,Above_Eyes,False,164.7588,-166.5738,-17.49264,80,0,190,1033.173,248.4789,0.06197633
7,Above_Eyes,False,164.8499,-167.5466,-17.66597,80,0,190,1033.396,249.4472,0.08842388
7,Above_Eyes,False,164.8568,-168.9828,-18.50101,80,0,190,1033.62,250.9321,0.06751961
7,Above_Eyes,False,164.9626,-170.0369,-19.09677,80,0,181.1281,1033.841,251.2856,0.04813834
7,end,False,164.7431,-170.0111,-19.38528,80,0,154.3527,1034.066,250.9767,0.04223096
7,end,False,163.8311,-169.6721,-19.28381,80,0,118.4397,1034.287,254.4964,0.05180093
7,end,False,162.7373,-168.8649,-19.46193,80,0,79.31877,1034.511,263.1942,0.06288113
7,end,False,162.3062,-168.6253,-19.52814,80,0,42.31606,1034.73,276.7553,0.03782635
7,end,False,162.1132,-168.5747,-19.39446,80,0,14.17869,1034.953,289.914,0.010042
7,end,False,161.9815,-168.272,-18.82411,80,0,0.4339576,1035.177,296.8012,0.06235358
7,end,False,161.6573,-168.1568,-17.86977,80,0,0,1035.399,296.7056,0.04732006
7,end,False,161.7196,-168.1875,-17.45626,80,0,0,1035.622,296.7406,0.02677209
7,end,False,161.4671,-168.3262,-17.32818,80,0,0,1035.844,296.7116,0.007225913
7,end,False,160.926,-168.5808,-17.78375,80,0,0,1036.068,296.6578,0.05827055
7,end,False,160.8319,-168.6805,-18.19934,80,0,0,1036.289,296.7155,0.04241797
7,end,False,160.0571,-168.7019,-19.13434,80,0,0,1036.512,296.3731,0.02175888
7,end,False,160.0068,-168.3347,-18.86865,80,0,0,1036.736,296.0208,0.02695056
7,end,False,159.6942,-167.2364,-18.79569,80,0,0,1036.958,294.926,0.05263584
7,end,False,159.3587,-166.948,-19.07197,80,0,0,1037.182,294.5204,0.05364617
7,end,False,160.0126,-170.236,-21.06484,80,0,0,1037.407,297.7681,0.2468291
7,end,False,158.5793,-171.9562,-17.38268,80,0,0,1037.636,298.2138,0.178967
7,end,False,157.8487,-174.5967,-13.9793,80,0,0,1037.848,299.8852,0.3480279
7,end,False,157.7144,-180.4982,-8.039561,80,0,0,1038.073,304.6272,0.2894549
7,end,False,158.6984,-185.926,-3.117004,80,0,0,1038.284,309.6959,0.3048979
7,end,False,158.9259,-189.5606,-1.37926,80,0,0,1038.492,312.9253,0.1226353
7,end,False,159.3136,-190.499,-0.9429127,80,0,0,1038.7,313.929,0.09839317
7,end,False,161.3741,-189.9389,-1.784077,80,0,0,1038.911,314.5025,0.1756174
7,end,False,162.7068,-189.1234,-1.188937,80,0,0,1039.123,314.4874,0.08596691
7,end,False,163.9207,-188.4256,-0.7160097,80,0,0,1039.333,314.52,0.09269432
7,end,False,165.4017,-187.1223,0.3842741,80,0,0,1039.539,314.1849,0.08568165
7,end,False,165.5606,-186.183,0.1272112,80,0,0,1039.747,313.4704,0.03938098
7,end,False,166.3455,-186.6212,-0.5700201,80,0,0,1039.954,314.2578,0.1889881
7,end,False,171.9019,-188.6611,-4.19139,80,0,0,1040.165,318.9774,0.3130185
7,end,False,175.4617,-194.5358,-9.981743,80,0,0,1040.376,325.9698,0.5569109
7,end,False,162.9194,-202.5728,-14.24312,80,0,0,1040.583,326.4858,1.012752
7,end,False,143.5858,-204.0822,-12.52653,80,0,0,1040.792,318.5538,0.7438096
7,end,False,129.236,-202.4989,-7.988441,80,0,0,1040.999,310.7594,0.6779282
7,end,False,120.8166,-200.4148,-6.952608,80,0,0,1041.208,305.4136,0.4352744
7,end,False,118.257,-200.7928,-1.910102,80,0,0,1041.419,304.685,0.2742664
7,end,False,114.0166,-204.8802,2.174722,80,0,0,1041.631,306.857,0.5457365
7,end,False,110.6111,-216.1,6.669173,80,0,0,1041.839,316.1558,0.8696672
7,end,False,102.0748,-237.0627,7.846458,80,0,0,1042.048,333.181,1.16674
7,end,False,91.35253,-257.4597,6.526258,80,0,0,1042.259,349.6669,0.9581211
7,end,False,83.27503,-269.6425,2.930406,80,0,0,1042.47,359.4345,0.5960568
7,end,False,77.97677,-273.7945,1.461199,80,0,0,1042.678,362.2887,0.1381588
7,end,False,76.29438,-274.9432,1.323774,80,0,0,1042.886,363.0527,0.07521009
7,end,False,76.32387,-275.3263,1.066044,80,0,0,1043.096,363.4326,0.1513713
7,end,False,75.98125,-274.9471,1.739505,80,0,0,1043.305,362.9926,0.05034578
7,end,False,76.14357,-274.9055,1.715806,80,0,0,1043.514,362.9858,0.04884287
7,end,False,76.23814,-274.9978,1.712611,80,0,0,1043.722,363.0959,0.01349806
7,end,False,76.18152,-275.0842,1.705983,80,0,0,1043.932,363.1685,0.009329434
7,end,False,76.15318,-275.1498,1.716188,80,0,0,1044.14,363.2267,0.003875205
7,end,False,76.15124,-275.297,1.725319,80,0,0,1044.349,363.3702,0.01007938
7,end,False,76.05582,-275.2853,1.707461,80,0,0,1044.558,363.3387,0.01033233
7,end,False,76.06199,-275.2846,1.698568,80,0,0,1044.767,363.3393,0.01000438
7,end,False,76.12186,-275.3116,1.582244,80,0,0,1044.976,363.3777,0.004243993
7,end,False,76.12833,-275.2814,1.623133,80,0,0,1045.184,363.3498,0.005386012
7,end,False,76.12475,-275.3287,1.637843,80,0,0,1045.393,363.3953,0.01154442
7,end,False,76.0798,-275.319,1.604727,80,0,0,1045.602,363.3762,0.005484832
7,end,False,76.09109,-275.3535,1.605585,80,0,0,1045.811,363.4124,0.008088766
7,end,False,76.13486,-275.3485,1.605633,80,0,0,1046.019,363.4167,0.003047779
7,end,False,76.11644,-275.2675,1.608542,80,0,0,1046.229,363.3335,0.003302115
7,end,False,76.114,-275.2957,1.572493,80,0,0,1046.441,363.3605,0.004352714
7,end,False,76.13799,-275.2921,1.607135,80,0,0,1046.646,363.3622,0.003483636
7,end,False,76.10796,-275.3319,1.58706,80,0,0,1046.854,363.3947,0.002451509
7,end,False,76.10198,-275.3529,1.580694,80,0,0,1047.064,363.4139,0.00306361
7,end,False,76.06122,-275.36,1.573566,80,0,0,1047.273,363.4124,0.002305753
7,end,False,76.08082,-275.3447,1.539066,80,0,0,1047.483,363.4013,0.005997078
7,end,False,76.03429,-275.3904,1.537755,80,0,0,1047.69,363.4363,0.006204775
7,end,False,76.03609,-275.3883,1.561478,80,0,0,1047.899,363.4347,0.002352754
7,end,False,76.06145,-275.3184,1.594022,80,0,0,1048.108,363.3717,0.005062264
7,end,False,76.07578,-275.3587,1.563886,80,0,0,1048.316,363.4141,0.005895892
7,end,False,76.09229,-275.3388,1.568082,80,0,0,1048.526,363.3981,0.004801649
7,end,False,76.08649,-275.3734,1.559117,80,0,0,1048.734,363.4307,0.004436523
7,end,False,76.08329,-275.3524,1.55969,80,0,0,1048.947,363.4094,0.004186459
7,end,False,76.08537,-275.3684,1.543358,80,0,0,1049.151,363.4254,0.003914506
7,end,False,76.08424,-275.4463,1.526383,80,0,0,1049.361,363.5013,0.009092608
7,end,False,76.10565,-275.4027,1.531771,80,0,0,1049.57,363.4632,0.004654317
7,end,False,76.08083,-275.3668,1.578048,80,0,0,1049.779,363.4231,0.0030646
7,end,False,76.04594,-275.3888,1.547983,80,0,0,1049.989,363.4371,0.003770904
7,end,False,76.08074,-275.3393,1.565769,80,0,0,1050.196,363.3961,0.004859926
7,end,False,76.07333,-275.3416,1.527885,80,0,0,1050.405,363.3966,0.005535836
7,end,False,76.10406,-275.3358,1.570943,80,0,0,1050.614,363.3977,0.003117512
7,end,False,76.11698,-275.3313,1.538232,80,0,0,1050.823,363.3958,0.005795926
7,end,False,76.10115,-275.3259,1.562145,80,0,0,1051.031,363.3873,0.001725914
7,end,False,76.03826,-275.3091,1