id,height_condition,social_framing,participant_y,participant_x,participant_z,drone_x,drone_z,drone_y,time,participant_drone_distance,velocity
6,Eye_Level,True,0,-217.5,25.5,80,0,0,5.026621,298.5909,0
6,end,True,154.8509,-217.6909,100.9351,80,0,0,5.750414,350.4091,0.005107388
6,end,True,154.5298,-217.681,100.9886,80,0,0,5.972809,350.2744,0.04622405
6,end,True,149.4869,-218.5742,99.69191,80,0,0,6.204855,348.47,0.4745375
6,end,True,144.0629,-219.0491,98.67944,80,0,0,6.40989,346.2977,0.2160028
6,end,True,142.3608,-219.2042,98.47559,80,0,0,6.617161,345.6692,0.03301976
6,end,True,143.718,-219.6167,98.61881,80,0,0,6.823059,346.6276,0.126576
6,end,True,148.2344,-221.3638,98.69225,80,0,0,7.033566,350.0482,0.271608
6,end,True,152.3942,-223.6514,99.84668,80,0,0,7.248014,354.1152,0.1590793
6,end,True,153.1922,-225.4053,100.2655,80,0,0,7.458944,356.0807,0.09099878
6,end,True,153.0785,-225.1038,97.2937,80,0,0,7.667032,354.9471,0.2676298
6,end,True,151.9964,-223.2536,90.45193,80,0,0,7.874846,351.0658,0.4350618
6,end,True,152.6112,-221.6095,81.59865,80,0,0,8.083613,347.7309,0.4195145
6,end,True,152.0948,-221.91,75.52203,80,0,0,8.290813,346.39,0.2204843
6,end,True,152.0701,-222.2836,72.47299,80,0,0,8.499791,346.0535,0.1183225
6,end,True,152.067,-222.0333,70.59167,80,0,0,8.708108,345.4442,0.1019037
6,end,True,151.9426,-220.7871,68.71508,80,0,0,8.917394,343.9204,0.1236315
6,end,True,148.8604,-219.1074,69.05707,80,0,0,9.125873,341.165,0.2726285
6,end,True,147.9278,-217.1696,67.58705,80,0,0,9.333167,338.7631,0.1346102
6,end,True,146.6707,-215.7069,65.00108,80,0,0,9.541469,336.4224,0.1666284
6,end,True,144.8082,-214.6854,61.8229,80,0,0,9.746952,334.1122,0.1726373
6,end,True,143.4505,-216.2706,57.80147,80,0,0,9.99364,334.2085,0.1349799
6,end,True,141.8817,-220.2386,53.5164,80,0,0,10.21941,336.3594,0.3043045
6,end,True,141.4068,-226.6125,47.65152,80,0,0,10.42992,340.9953,0.4627601
6,end,True,142.0093,-231.7343,42.06382,80,0,0,10.64077,345.1294,0.2738733
6,end,True,142.8098,-233.7441,37.91336,80,0,0,10.85166,346.796,0.1803386
6,end,True,143.3433,-234.067,34.33062,80,0,0,11.06447,346.9352,0.2248313
6,end,True,147.8217,-233.4069,29.26236,80,0,0,11.27658,347.752,0.386791
6,end,True,150.4334,-233.5798,27.17141,80,0,0,11.48684,348.8564,0.07762555
6,end,True,151.1033,-234.9047,28.13975,80,0,0,11.6918,350.4126,0.1253077
6,end,True,150.3122,-239.1449,31.63594,80,0,0,11.89491,354.1864,0.3745369
6,end,True,148.4502,-246.0208,36.64082,80,0,0,12.10622,360.0966,0.4299876
6,end,True,146.8944,-250.9727,38.68393,80,0,0,12.31945,364.1666,0.1704323
6,end,True,146.8858,-251.9309,38.3834,80,0,0,12.52791,365.0025,0.03631623
6,end,True,147.4965,-249.9289,37.46937,80,0,0,12.73882,363.3348,0.13264
6,end,True,147.6635,-247.3727,36.24133,80,0,0,12.94512,360.9582,0.143397
6,end,True,147.8243,-245.6707,35.11366,80,0,0,13.1547,359.3695,0.07281711
6,end,True,147.9544,-244.8408,34.40174,80,0,0,13.3618,358.6022,0.0393135
6,end,True,148.0843,-244.5141,34.10874,80,0,0,13.57249,358.332,0.0117064
6,end,True,148.337,-244.3938,33.94395,80,0,0,13.78065,358.3118,0.0206797
6,end,True,148.4798,-244.3403,33.82059,80,0,0,13.98957,358.3109,0.01305925
6,end,True,148.2523,-244.2897,34.08075,80,0,0,14.20021,358.1956,0.01730907
6,end,True,148.2939,-244.1694,34.25926,80,0,0,14.40662,358.1208,0.007082777
6,end,True,148.3463,-243.9312,34.21119,80,0,0,14.61709,357.9224,0.01775278
6,end,True,146.7478,-242.1564,34.44153,80,0,0,14.82454,355.6767,0.2562427
6,end,True,145.102,-239.7518,34.68967,80,0,0,15.0324,352.8444,0.0945825
6,end,True,144.3937,-238.538,32.84603,80,0,0,15.23974,351.2761,0.1173423
6,end,True,144.268,-237.4917,30.56422,80,0,0,15.44851,350.0692,0.1333423
6,end,True,143.3031,-236.4647,28.94371,80,0,0,15.65957,348.6021,0.105411
6,end,True,142.7164,-236.2304,27.35578,80,0,0,15.86595,348.0201,0.08130484
6,end,True,141.9668,-236.3184,26.22808,80,0,0,16.07708,347.7065,0.06357063
6,end,True,141.5997,-236.5071,24.68797,80,0,0,16.28271,347.6158,0.09626649
6,end,True,141.4783,-236.3787,23.18612,80,0,0,16.49069,347.3459,0.06042377
6,end,True,141.8325,-236.0792,21.7101,80,0,0,16.70016,347.1222,0.136866
6,end,True,146.6435,-233.716,17.14874,80,0,0,16.90747,346.722,0.3469033
6,end,True,149.097,-229.1778,13.46677,80,0,0,17.11468,343.5144,0.2708495
6,end,True,150.5257,-225.4404,11.72481,80,0,0,17.33261,340.7188,0.1221826
6,end,True,152.6483,-226.215,11.80731,80,0,0,17.55481,342.3573,0.1237583
6,end,True,151.7675,-229.501,14.64628,80,0,0,17.75266,345.0199,0.2990634
6,end,True,149.7851,-234.5975,20.49418,80,0,0,17.9696,349.0375,0.3774693
6,end,True,147.4819,-235.2108,29.9446,80,0,0,18.19367,349.2927,0.5806453
6,end,True,147.6286,-231.6087,37.83437,80,0,0,18.41896,346.8798,0.4779712
6,end,True,149.6381,-229.4326,45.13272,80,0,0,18.63534,346.6656,0.3652567
6,end,True,149.5834,-225.795,54.94388,80,0,0,18.86077,344.8255,0.5227962
6,end,True,148.9263,-224.7146,64.29851,80,0,0,19.08708,345.2018,0.2936888
6,end,True,149.0685,-225.3279,66.6357,80,0,0,19.31135,346.2469,0.03508859
6,end,True,151.2738,-226.0025,64.50252,80,0,0,19.53715,347.3929,0.1678087
6,end,True,151.695,-225.8168,60.52591,80,0,0,19.74807,346.6968,0.2074683
6,end,True,152.3575,-226.0685,56.51041,80,0,0,19.95783,346.5316,0.2136305
6,end,True,156.0686,-227.8186,53.51044,80,0,0,20.1714,349.2464,0.3287529
6,end,True,161.2174,-233.1487,51.34696,80,0,0,20.38162,355.935,0.3913421
6,end,True,158.0253,-240.0309,49.76722,80,0,0,20.59189,360.3728,0.2807805
6,end,True,154.3251,-241.6037,48.45153,80,0,0,20.79626,359.9899,0.157735
6,end,True,149.9524,-241.3804,47.61628,80,0,0,21.00487,357.8245,0.3349746
6,end,True,142.9819,-241.2686,47.36596,80,0,0,21.2234,354.8252,0.3805181
6,end,True,138.5483,-239.8714,44.32872,80,0,0,21.44212,351.3949,0.1232285
6,end,True,139.5929,-239.5285,43.44839,80,0,0,21.65029,351.3864,0.07921081
6,end,True,140.6404,-237.8577,44.76756,80,0,0,21.86001,350.4531,0.1135808
6,end,True,142.645,-234.8186,46.06746,80,0,0,22.06919,348.6841,0.302261
6,end,True,147.9064,-232.2627,46.16267,80,0,0,22.28041,348.5905,0.420528
6,end,True,150.6879,-232.1333,44.81789,80,0,0,22.49171,349.4891,0.3458639
6,end,True,150.2086,-230.1719,43.68838,80,0,0,22.70363,347.3873,0.06264196
6,end,True,147.413,-226.9947,43.90274,80,0,0,22.91141,343.3712,0.1773449
6,end,True,145.4504,-224.4315,44.76124,80,0,0,23.11981,340.3497,0.3010823
6,end,True,145.3812,-224.9893,44.67989,80,0,0,23.3295,340.8085,0.1140897
6,end,True,145.1546,-225.5178,44.68946,80,0,0,23.53682,341.1864,0.04342052
6,end,True,145.1131,-226.8865,43.41024,80,0,0,23.74643,342.2303,0.08544863
6,end,True,145.2312,-228.0964,41.4725,80,0,0,23.99637,343.126,0.1151868
6,end,True,146.0439,-228.8371,38.0798,80,0,0,24.20594,343.743,0.217312
6,end,True,145.8157,-229.3489,33.25986,80,0,0,24.41537,343.6061,0.2137642
6,end,True,145.1202,-230.4927,29.35518,80,0,0,24.6236,343.9873,0.1392619
6,end,True,144.1799,-231.9997,27.50224,80,0,0,24.83351,344.8014,0.1090343
6,end,True,142.1328,-231.7719,25.3611,80,0,0,25.03926,343.5792,0.2078096
6,end,True,139.2866,-227.2097,21.66811,80,0,0,25.27736,338.006,0.4207304
6,end,True,139.3672,-214.4146,17.61874,80,0,0,25.51972,326.211,0.7971791
6,end,True,142.3722,-202.6712,16.45667,80,0,0,25.73881,316.9285,0.6347027
6,end,True,145.2,-197.0242,21.55866,80,0,0,25.95829,313.5128,0.3091484
6,end,True,147.8996,-195.4191,25.58581,80,0,0,26.17772,313.6632,0.262097
6,end,True,147.7684,-191.008,35.40685,80,0,0,26.42641,310.7,0.4536124
6,end,True,147.7644,-182.8803,49.85728,80,0,0,26.66374,305.6568,0.6975034
6,end,True,148.639,-172.6561,59.7682,80,0,0,26.88696,299.167,0.6476923
6,end,True,145.8995,-158.7428,64.80951,80,0,0,27.11131,287.2021,0.7384088
6,end,True,144.7964,-141.2831,64.91316,80,0,0,27.33516,272.2975,0.7528712
6,end,True,144.6432,-124.601,67.17027,80,0,0,27.55819,259.4129,0.7217158
6,end,True,141.0461,-106.5749,72.39597,80,0,0,27.78136,244.8374,0.9542644
6,end,True,144.7551,-87.30412,79.95506,80,0,0,28.00606,235.2392,0.9656827
6,end,True,145.1857,-68.52824,82.36466,80,0,0,28.22823,223.4356,0.8731066
6,end,True,142.4608,-47.25117,80.52982,80,0,0,28.45263,207.2993,1.052474
6,end,True,145.4098,-24.07236,77.72227,80,0,0,28.67607,194.9765,1.096324
6,end,True,144.1737,-1.952195,78.30056,80,0,0,28.9008,183.3936,1.024698
6,end,True,143.7175,20.9866,82.50781,80,0,0,29.12354,175.9115,1.136967
6,end,True,146.866,42.12642,83.7015,80,0,0,29.34622,173.2339,0.8744854
6,end,True,144.4269,63.31382,81.78049,80,0,0,29.57129,166.8101,0.9891088
6,end,True,145.7847,85.23299,75.888,80,0,0,29.79339,164.4371,1.024239
6,end,True,146.4552,106.2336,75.1711,80,0,0,30.01579,166.6974,0.9266251
6,end,True,142.1073,127.5003,77.97228,80,0,0,30.2391,168.9095,1.031624
6,end,True,146.3515,151.0493,83.03958,80,0,0,30.46452,182.6536,1.043609
6,end,True,146.9283,170.8361,84.99049,80,0,0,30.68821,192.5163,0.8592526
6,end,True,144.0995,190.986,82.95702,80,0,0,30.91179,199.911,0.9593276
6,end,True,146.4902,211.7186,78.07581,80,0,0,31.13428,211.908,0.992741
6,end,True,146.4056,229.1589,75.42099,80,0,0,31.35776,222.1965,0.8013375
6,end,True,142.7151,245.9054,76.06682,80,0,0,31.56758,231.6859,0.6181792
6,end,True,143.4952,263.5629,78.79485,80,0,0,31.77725,245.957,0.7802098
6,end,True,142.3632,276.5953,79.54706,80,0,0,31.98713,255.4305,0.555329
6,end,True,137.5025,282.4962,79.1787,80,0,0,32.19453,257.2566,0.3472055
6,end,True,136.1671,286.752,78.69038,80,0,0,32.40365,259.7692,0.229058
6,end,True,134.5856,290.6451,80.96403,80,0,0,32.61401,262.7543,0.2397128
6,end,True,134.8539,292.5407,85.50256,80,0,0,32.82151,265.8379,0.1901034
6,end,True,135.005,293.236,87.06936,80,0,0,33.04408,266.9776,0.07645215
6,end,True,135.1569,293.186,84.95049,80,0,0,33.25324,266.3311,0.1450739
6,end,True,135.5684,293.8538,82.78364,80,0,0,33.46289,266.3933,0.09571486
6,end,True,135.2674,294.4442,82.63458,80,0,0,33.67202,266.6684,0.05907211
6,end,True,136.8066,294.6669,84.02242,80,0,0,33.88026,268.0629,0.09390639
6,end,True,138.2418,294.3058,85.22299,80,0,0,34.10174,268.888,0.09115871
6,end,True,142.1869,294.1118,86.29812,80,0,0,34.31213,271.1242,0.1918935
6,end,True,143.4736,293.3557,87.16286,80,0,0,34.52254,271.4824,0.04652789
6,end,True,143.7929,293.1544,87.19019,80,0,0,34.73069,271.502,0.01631224
6,end,True,144.0968,292.589,86.94733,80,0,0,34.93892,271.1417,0.03672836
6,end,True,144.0424,292.2426,86.8163,80,0,0,35.14959,270.7991,0.01826339
6,end,True,143.9883,292.0329,86.88,80,0,0,35.35664,270.6266,0.01089559
6,end,True,144.0732,291.9318,86.86327,80,0,0,35.56583,270.5871,0.005875623
6,end,True,143.9772,292.1934,87.02863,80,0,0,35.77544,270.7941,0.03212385
6,end,True,143.8612,292.9666,86.96889,80,0,0,35.98333,271.3197,0.05279095
6,end,True,143.7687,293.8499,86.74015,80,0,0,36.19226,271.8916,0.03513888
6,end,True,143.767,294.472,86.63882,80,0,0,36.40172,272.3481,0.03356218
6,end,True,143.7183,295.036,86.73762,80,0,0,36.61378,272.7982,0.01860099
6,end,True,143.6156,295.2237,86.74272,80,0,0,36.81925,272.8937,0.007556189
6,end,True,143.689,295.4543,86.90542,80,0,0,37.02807,273.1659,0.01635529
6,end,True,143.6888,295.4862,86.95706,80,0,0,37.2375,273.2075,0.009190707
6,end,True,143.6205,295.2496,87.06816,80,0,0,37.44627,273.0203,0.01823396
6,end,True,143.6109,294.8697,87.37448,80,0,0,37.65615,272.8138,0.03225232
6,end,True,143.7762,294.2661,87.5667,80,0,0,37.86285,272.4876,0.02951735
6,end,True,143.8938,293.7211,87.60251,80,0,0,38.07323,272.1329,0.01917228
6,end,True,143.7732,293.2618,87.57094,80,0,0,38.2807,271.6984,0.01784354
6,end,True,143.8716,292.9927,87.42078,80,0,0,38.49023,271.4909,0.01803868
6,end,True,144.0028,292.6894,87.52331,80,0,0,38.69927,271.3557,0.01981025
6,end,True,144.0511,292.3932,87.74785,80,0,0,38.90798,271.2218,0.01580838
6,end,True,144.0285,292.2863,88.13442,80,0,0,39.11765,271.2515,0.02140363
6,end,True,144.0489,292.2504,88.31499,80,0,0,39.32538,271.2929,0.01066768
6,end,True,144.252,292.3251,88.47221,80,0,0,39.53467,271.5105,0.01307802
6,end,True,144.1934,292.3326,88.44079,80,0,0,39.74262,271.4749,0.008390368
6,end,True,144.2048,292.2069,88.18835,80,0,0,39.95243,271.3005,0.01522551
6,end,True,144.1602,292.0187,87.91402,80,0,0,40.16063,271.0405,0.02077727
6,end,True,144.253,291.7632,87.67117,80,0,0,40.3702,270.8114,0.02272706
6,end,True,143.849,291.6468,87.49407,80,0,0,40.57901,270.448,0.08296391
6,end,True,143.7689,291.8469,87.35813,80,0,0,40.7881,270.5181,0.01858628
6,end,True,143.6669,291.8464,87.44725,80,0,0,40.99672,270.4923,0.009268544
6,end,True,143.8424,291.8117,87.53737,80,0,0,41.20533,270.5875,0.04326962
6,end,True,149.4035,292.9672,88.319,80,0,0,41.41443,274.7302,0.3338958
6,end,True,153.5596,291.7668,89.14445,80,0,0,41.62515,276.3557,0.1537328
6,end,True,155.3007,290.352,90.53381,80,0,0,41.83509,276.6996,0.1322356
6,end,True,157.0343,289.5989,92.06509,80,0,0,42.04388,277.6102,0.08250789
6,end,True,157.1165,289.945,93.65152,80,0,0,42.25369,278.4477,0.09067738
6,end,True,156.8607,291.4417,95.07631,80,0,0,42.46291,279.9149,0.1343891
6,end,True,157.1563,296.5154,94.82039,80,0,0,42.67244,283.8449,0.3126806
6,end,True,156.0982,304.4958,91.36633,80,0,0,42.88213,288.2929,0.4807485
6,end,True,156.3345,312.8707,86.25478,80,0,0,43.09373,293.4436,0.3990191
6,end,True,157.5912,321.1305,84.44475,80,0,0,43.30095,300.183,0.3957142
6,end,True,157.1635,330.0405,85.56775,80,0,0,43.51124,307.4775,0.4373406
6,end,True,157.5378,339.5806,88.75216,80,0,0,43.72031,316.3497,0.4718317
6,end,True,157.0807,345.8764,90.52624,80,0,0,43.93007,321.8068,0.1788589
6,end,True,157.0124,347.0101,91.56288,80,0,0,44.1411,323.0032,0.02864662
6,end,True,156.829,345.7555,91.48315,80,0,0,44.37724,321.8548,0.08472415
6,end,True,156.7542,344.7988,91.02129,80,0,0,44.59917,320.8975,0.02561666
6,end,True,156.5986,344.4972,90.50826,80,0,0,44.83581,320.4273,0.02968035
6,end,True,156.6085,344.5152,90.42062,80,0,0,45.04422,320.4222,0.008766512
6,end,True,156.6753,344.6166,90.25167,80,0,0,45.25281,320.491,0.02294974
6,end,True,156.8926,345.9399,91.01242,80,0,0,45.46222,321.9046,0.1427606
6,end,True,156.7483,349.567,94.15339,80,0,0,45.66926,325.7319,0.2855935
6,end,True,156.3064,354.7345,98.72411,80,0,0,45.87641,331.1453,0.3232327
6,end,True,155.8523,359.3567,101.6117,80,0,0,46.08552,335.6413,0.2196878
6,end,True,155.3827,362.54,102.9069,80,0,0,46.29233,338.4708,0.1455061
6,end,True,154.9872,363.92,103.628,80,0,0,46.50185,339.6621,0.03510622
6,end,True,154.7013,364.1419,104.0364,80,0,0,46.71057,339.8421,0.01670186
6,end,True,154.5605,364.2905,104.248,80,0,0,46.92056,339.9672,0.01185292
6,end,True,155.3622,364.0145,104.914,80,0,0,47.12775,340.3066,0.08660356
6,end,True,156.2466,363.7618,105.5956,80,0,0,47.33661,340.7113,0.04991267
6,end,True,156.6767,364.8679,104.6633,80,0,0,47.54825,341.5432,0.08882575
6,end,True,156.7516,364.7004,103.6658,80,0,0,47.75704,341.1334,0.0973738
6,end,True,157.2695,364.3029,100.3228,80,0,0,47.96608,340.0389,0.2175059
6,end,True,157.3188,364.0121,96.96621,80,0,0,48.17728,338.8429,0.1707724
6,end,True,157.2077,364.1492,93.3915,80,0,0,48.38754,337.9008,0.1400639
6,end,True,157.4706,359.4817,90.09923,80,0,0,48.6115,333.2039,0.374256
6,end,True,157.7388,345.0531,81.51788,80,0,0,48.83489,319.0296,1.047122
6,end,True,154.0658,314.0798,81.02592,80,0,0,49.06625,291.7102,1.871669
6,end,True,151.0558,292.7252,88.47336,80,0,0,49.2966,275.4948,0.8815455
6,end,True,150.7033,280.9044,90.7987,80,0,0,49.51823,267.0551,0.6044161
6,end,True,148.2234,271.2368,90.0206,80,0,0,49.72702,258.1577,0.5011654
6,end,True,147.403,260.4744,84.61989,80,0,0,49.93661,247.9096,0.6728261
6,end,True,149.0051,249.2181,79.59341,80,0,0,50.14546,239.1075,0.5629303
6,end,True,150.2324,236.7676,78.26184,80,0,0,50.35385,230.8046,0.6429442
6,end,True,147.0399,220.5685,78.92986,80,0,0,50.56314,218.1975,0.8655277
6,end,True,148.8536,200.6646,83.33195,80,0,0,50.77162,208.9535,0.997283
6,end,True,150.7574,181.5539,84.11597,80,0,0,50.98069,200.291,0.92393
6,end,True,149.4171,160.5188,84.42532,80,0,0,51.18971,189.569,1.049681
6,end,True,152.3348,137.5504,81.66832,80,0,0,51.39911,182.1748,1.160978
6,end,True,154.2426,116.2248,83.79633,80,0,0,51.60846,179.234,1.037588
6,end,True,151.2265,93.72542,88.36218,80,0,0,51.81592,175.6864,1.104157
6,end,True,151.7301,71.32211,96.45301,80,0,0,52.02519,180.0014,1.148402
6,end,True,151.322,49.5986,97.11548,80,0,0,52.23369,182.3568,1.072114
6,end,True,147.6532,28.84827,94.17244,80,0,0,52.44647,182.4457,1.023413
6,end,True,150.6983,9.783936,89.57706,80,0,0,52.64126,188.85,0.8159515
6,end,True,150.6923,-15.92674,87.76688,80,0,0,52.90744,199.0305,1.24597
6,end,True,148.192,-39.83588,91.06725,80,0,0,53.13056,211.222,1.129012
6,end,True,152.8944,-61.71667,91.43352,80,0,0,53.35518,227.641,0.8105904
6,end,True,151.6641,-82.11353,89.22894,80,0,0,53.58082,239.2584,0.9257499
6,end,True,152.3594,-102.7699,81.28014,80,0,0,53.80711,251.4452,1.060969
6,end,True,154.7211,-121.8085,76.51643,80,0,0,54.03054,265.5561,0.830813
6,end,True,151.5972,-140.0203,72.56477,80,0,0,54.25363,276.8687,0.8284664
6,end,True,151.5026,-158.6813,70.3642,80,0,0,54.48003,291.3296,0.8482946
6,end,True,151.5474,-171.0146,63.51068,80,0,0,54.6764,300.0143,0.6523843
6,end,True,148.5357,-180.8693,53.05113,80,0,0,54.89921,304.8443,0.917414
6,end,True,147.1756,-187.2798,41.17648,80,0,0,55.09516,307.8874,0.7455279
6,end,True,148.338,-195.6917,31.93282,80,0,0,55.30667,314.6899,0.518851
6,end,True,147.9994,-203.4968,28.27154,80,0,0,55.5171,321.0507,0.3921682
6,end,True,147.1698,-210.337,29.02743,80,0,0,55.72678,326.7983,0.3546972
6,end,True,148.3603,-217.6046,32.94495,80,0,0,55.93792,334.1626,0.3938674
6,end,True,149.9078,-225.0886,34.70417,80,0,0,56.14811,341.6954,0.3147289
6,end,True,153.125,-229.9755,35.08772,80,0,0,56.35976,347.51,0.3147449
6,end,True,156.1497,-235.0247,34.30253,80,0,0,56.57149,353.2704,0.356837
6,end,True,152.1187,-240.9316,32.85652,80,0,0,56.7785,356.6745,0.5689888
6,end,True,138.7888,-245.1264,32.42176,80,0,0,56.98573,354.994,0.7560426
6,end,True,122.4934,-246.462,34.41044,80,0,0,57.19449,350.38,0.7639509
6,end,True,108.6662,-248.2057,38.54986,80,0,0,57.40519,347.8699,0.6097601
6,end,True,98.83307,-249.7067,45.31657,80,0,0,57.61382,347.1716,0.6248631
6,end,True,89.68205,-252.2976,53.13336,80,0,0,57.82152,348.2638,0.6120726
6,end,True,81.85619,-254.711,56.20547,80,0,0,58.03103,349.1288,0.3828436
6,end,True,78.33109,-255.8876,57.03135,80,0,0,58.23857,349.5837,0.1147407
6,end,True,76.97811,-256.5893,57.07208,80,0,0,58.44974,349.9645,0.06061618
6,end,True,76.69841,-256.6946,56.94319,80,0,0,58.65668,349.9835,0.05077368
6,end,True,76.69289,-256.5219,56.927,80,0,0,58.86663,349.8135,0.01054846
6,end,True,76.55227,-256.4727,56.93618,80,0,0,59.07471,349.7368,0.01257147
6,end,True,76.58811,-256.3395,56.71342,80,0,0,59.28373,349.5803,0.005776576
6,end,True,76.56939,-256.4083,56.68324,80,0,0,59.49234,349.6375,0.003933868
6,end,True,76.55943,-256.4741,56.69404,80,0,0,59.70087,349.7004,0.004720482
6,end,True,76.4669,-256.6501,56.63174,80,0,0,59.9099,349.8394,0.008758198
6,end,True,76.42238,-256.6445,56.66497,80,0,0,60.11993,349.8297,0.002584845
6,end,True,76.43663,-256.5581,56.72346,80,0,0,60.32754,349.7592,0.00607829
6,end,True,76.51445,-256.6124,56.80748,80,0,0,60.53741,349.8421,0.006680376
6,end,True,76.52908,-256.5897,56.81659,80,0,0,60.74696,349.8249,0.005271529
6,end,True,76.50625,-256.5694,56.79753,80,0,0,60.95354,349.7972,0.002919703
6,end,True,76.49361,-256.5959,56.76535,80,0,0,61.16451,349.8148,0.007510227
6,end,True,76.48333,-256.6367,56.78438,80,0,0,61.37238,349.8549,0.003266538
6,end,True,76.43462,-256.6236,56.79652,80,0,0,61.58117,349.8336,0.004558555
6,end,True,76.43417,-256.6302,56.81732,80,0,0,61.78941,349.8432,0.001723472
6,end,True,76.44238,-256.655,56.80464,80,0,0,61.99955,349.8669,0.006114963
6,end,True,76.43745,-256.6503,56.78805,80,0,0,62.20772,349.8585,0.0005380966
6,end,True,76.44888,-256.6385,56.7834,80,0,0,62.41637,349.849,0.002791595
6,end,True,76.47657,-256.5934,56.80733,80,0,0,62.62541,349.8154,0.003924218
6,end,True,76.46807,-256.6042,56.80627,80,0,0,62.83455,349.8238,0.003909548
6,end,True,76.47144,-256.6376,56.76657,80,0,0,63.04283,349.8503,0.004486074
6,end,True,76.47052,-256.6222,56.75882,80,0,0,63.25189,349.834,0.004121492
6,end,True,76.46649,-256.6405,56.76301,80,0,0,63.46218,349.8513,0.002297707
6,end,True,76.48197,-256.6629,56.76066,80,0,0,63.66889,349.8759,0.003626271
6,end,True,76.4743,-256.6685,56.76315,80,0,0,63.87798,349.8801,0.006078391
6,end,True,76.47949,-256.659,56.756,80,0,0,64.08649,349.8709,0.005784613
6,end,True,76.4883,-256.6023,56.75799,80,0,0,64.29623,349.8186,0.003829169
6,end,True,76.47915,-256.6431,56.75104,80,0,0,64.50447,349.8547,0.002678262
6,end,True,76.47505,-256.6456,56.75374,80,0,0,64.71431,349.8566,0.005130018
6,end,True,76.45332,-256.6328,56.74451,80,0,0,64.92241,349.838,0.00326329
6,end,True,76.39362,-256.6509,56.74936,80,0,0,65.1311,349.8433,0.005281758
6,end,True,76.38101,-256.6143,56.71045,80,0,0,65.34039,349.799,0.007287974
6,end,True,76.36809,-256.603,56.73848,80,0,0,65.54948,349.7898,0.006604201
6,end,True,76.40521,-256.5797,56.71581,80,0,0,65.75809,349.7719,0.003827008
6,end,True,76.35265,-256.6503,56.67552,80,0,0,65.96667,349.8217,0.00409145
6,end,True,76.34113,-256.6241,56.69957,80,0,0,66.17619,349.7979,0.001646547
6,end,True,76.43189,-256.6464,56.76764,80,0,0,66.38407,349.8503,0.006330642
6,end,True,76.51579,-256.6003,56.7776,80,0,0,66.5949,349.8259,0.006267499
6,end,True,76.5174,-256.5813,56.79697,80,0,0,66.80038,349.8111,0.004896636
6,end,True,76.48871,-256.6026,56.79633,80,0,0,67.01141,349.8252,0.005459316
6,end,True,76.50776,-256.5866,56.78152,80,0,0,67.21941,349.8115,0.005784135
6,end,True,76.45644,-256.6098,56.78872,80,0,0,67.42906,349.8238,0.007196906
6,end,True,76.46844,-256.6466,56.8091,80,0,0,67.63699,349.8651,0.00449245
6,end,True,76.47461,-256.6727,56.79923,80,0,0,67.84598,349.89,0.002508082
6,end,True,76.45066,-256.6669,56.81804,80,0,0,68.05652,349.8822,0.006413991
6,end,True,76.52065,-256.5966,56.88497,80,0,0,68.26424,349.8409,0.009976725
6,end,True,76.52842,-256.6196,56.78347,80,0,0,68.47473,349.8481,0.007418066
6,end,True,76.51598,-256.6273,56.72392,80,0,0,68.68196,349.8432,0.001142019
6,end,True,76.53313,-256.5912,56.7113,80,0,0,68.89185,349.8101,0.003272499
6,end,True,76.51113,-256.5898,56.72561,80,0,0,69.09911,349.8063,0.002524588
6,end,True,76.50961,-256.5694,56.71082,80,0,0,69.30864,349.784,0.00454256
6,end,True,76.49189,-256.6086,56.71345,80,0,0,69.51676,349.8183,0.004346811
6,end,True,76.52048,-256.5936,56.75066,80,0,0,69.72605,349.8161,0.004986813
6,end,True,76.52429,-256.5929,56.77925,80,0,0,69.93528,349.8209,0.002180933
6,end,True,76.51933,-256.6017,56.76776,80,0,0,70.14368,349.8264,0.00384881
6,end,True,76.51589,-256.5613,56.72606,80,0,0,70.35294,349.78,0.004147177
6,end,True,76.54557,-256.5854,56.69919,80,0,0,70.56165,349.8053,0.002020414
6,end,True,76.48813,-256.5924,56.6924,80,0,0,70.76968,349.7983,0.002767712
6,end,True,76.46232,-256.6135,56.67627,80,0,0,70.97932,349.8105,0.002921192
6,end,True,76.48267,-256.6115,56.69516,80,0,0,71.18935,349.816,0.003396713
6,end,True,76.50344,-256.5918,56.70908,80,0,0,71.39662,349.8039,0.002720128
6,end,True,76.5128,-256.5757,56.74131,80,0,0,71.60674,349.7956,0.004578225
6,end,True,69.30276,-256.8747,49.66348,80,0,0,871.9047,347.4966,0.3029206
6,end,True,70.30359,-256.8296,49.75775,80,0,0,872.0964,347.6673,0.04300442
6,end,True,71.12411,-256.9344,50.03182,80,0,0,872.303,347.975,0.05631644
6,end,True,71.7094,-257.128,50.45594,80,0,0,872.5122,348.3437,0.04069352
6,end,True,72.09901,-257.263,50.99273,80,0,0,872.7553,348.6328,0.009267775
6,end,True,72.35612,-257.223,51.07514,80,0,0,872.9984,348.6595,0.01651955
6,end,True,177.7057,-207.501,7.425822,80,0,0,873.2325,338.0699,32.77678
6,end,True,177.92,-207.3333,7.392539,80,0,0,873.4615,338.0393,0.01172232
6,end,True,178.0196,-207.2569,7.353987,80,0,0,873.6624,338.026,0.03073104
6,end,True,178.2249,-207.2952,8.239974,80,0,0,873.8657,338.1871,0.0519393
6,end,True,179.5553,-207.0669,9.192242,80,0,0,874.0881,338.7212,0.1260217
6,end,True,179.847,-206.3327,9.099044,80,0,0,874.298,338.2516,0.04744892
6,end,True,179.3154,-206.9171,8.653916,80,0,0,874.5085,338.4528,0.1551997
6,end,True,176.224,-209.1571,8.923304,80,0,0,874.7401,338.7423,0.1545435
6,end,True,174.5616,-209.3862,9.022247,80,0,0,874.9453,338.0791,0.1340434
6,end,True,173.7481,-209.6148,8.559025,80,0,0,875.1542,337.8437,0.02959008
6,end,True,172.9891,-209.6714,9.064425,80,0,0,875.3635,337.5158,0.04199909
6,end,True,173.4465,-210.0688,9.334314,80,0,0,875.5722,338.0987,0.06579269
6,end,True,175.7679,-210.4207,9.810173,80,0,0,875.7817,339.6097,0.0816732
6,end,True,176.5568,-210.2593,10.59986,80,0,0,875.9911,339.9046,0.1797881
6,end,True,176.6029,-210.6517,10.9475,80,0,0,876.2019,340.2747,0.08296864
6,end,True,175.2442,-211.7541,11.87531,80,0,0,876.411,340.5466,0.1387937
6,end,True,174.3585,-213.0906,12.32701,80,0,0,876.6182,341.2549,0.07793796
6,end,True,173.6576,-214.5694,12.21465,80,0,0,876.8279,342.1656,0.1202315
6,end,True,172.5657,-215.6653,11.90809,80,0,0,877.0369,342.5474,0.1103573
6,end,True,172.2526,-216.049,11.12829,80,0,0,877.2445,342.6949,0.05001448
6,end,True,172.0872,-216.7908,11.05481,80,0,0,877.4536,343.2506,0.02227129
6,end,True,172.1768,-217.3122,13.18968,80,0,0,877.6643,343.8217,0.1298772
6,end,True,172.1473,-217.6813,16.95019,80,0,0,877.8735,344.2908,0.204835
6,end,True,172.1749,-218.4406,20.52826,80,0,0,878.0822,345.1556,0.1806539
6,end,True,172.0464,-219.4853,22.91161,80,0,0,878.2932,346.1449,0.104604
6,end,True,172.4187,-220.0574,23.67886,80,0,0,878.5015,346.8766,0.03879108
6,end,True,169.5006,-220.7717,22.34656,80,0,0,878.7072,345.9674,0.1906254
6,end,True,170.8258,-224.405,20.24218,80,0,0,878.9136,349.6479,0.275005
6,end,True,172.073,-228.3203,14.80733,80,0,0,879.1245,353.3975,0.408924
6,end,True,172.5004,-230.169,5.981524,80,0,0,879.3357,354.9606,0.3977
6,end,True,172.655,-229.4959,0.5554512,80,0,0,879.5431,354.3977,0.19037
6,end,True,172.8539,-227.9518,1.491554,80,0,0,879.751,353.1501,0.2651121
6,end,True,173.0507,-228.411,10.88067,80,0,0,879.9619,353.8111,0.4523241
6,end,True,172.5514,-228.1915,19.19247,80,0,0,880.1703,353.7292,0.354682
6,end,True,172.4562,-227.6986,22.53915,80,0,0,880.3777,353.451,0.09809423
6,end,True,172.7125,-227.1217,23.33063,80,0,0,880.5868,353.1256,0.06259426
6,end,True,174.0496,-227.598,17.67169,80,0,0,880.7982,353.8674,0.304555
6,end,True,174.7174,-224.8891,11.32928,80,0,0,881.0046,351.5848,0.3074804
6,end,True,175.2876,-220.909,5.785522,80,0,0,881.2333,348.2893,0.3040337
6,end,True,175.5893,-219.0127,1.50896,80,0,0,881.4529,346.76,0.1817125
6,end,True,175.7748,-218.9983,-1.555315,80,0,0,881.6766,346.8417,0.1349516
6,end,True,174.2214,-221.7929,-3.132763,80,0,0,881.9023,348.4851,0.3702382
6,end,True,170.1814,-225.1936,0.5401462,80,0,0,882.0983,349.4355,0.2765308
6,end,True,168.5319,-228.1637,6.614669,80,0,0,882.3112,351.2999,0.5106496
6,end,True,170.6874,-236.1223,12.11348,80,0,0,882.5247,359.4638,0.4764506
6,end,True,177.2539,-245.6051,16.53691,80,0,0,882.7392,371.0944,0.3399152
6,end,True,174.2035,-254.3497,21.1371,80,0,0,882.9435,377.6021,0.6228555
6,end,True,150.3751,-263.786,32.69549,80,0,0,883.1467,376.657,1.763507
6,end,True,102.2037,-265.1411,58.09132,80,0,0,883.402,364.6129,1.953732
6,end,True,84.11666,-264.2598,70.52789,80,0,0,883.6252,361.3372,0.4744913
6,end,True,80.2263,-264.026,73.69024,80,0,0,883.8474,360.8607,0.2368391
6,end,True,78.08928,-260.8571,73.24128,80,0,0,884.0726,357.2755,0.2343596
6,end,True,77.06155,-259.4744,72.90671,80,0,0,884.2939,355.6638,0.1209721
6,end,True,75.12553,-256.3689,72.56274,80,0,0,884.5068,352.2119,0.1144016
6,end,True,75.58472,-257.192,72.31985,80,0,0,884.7307,353.0463,0.06274414
6,end,True,75.72197,-256.976,72.44241,80,0,0,884.952,352.8944,0.03314361
6,end,True,75.46808,-257.1555,72.37867,80,0,0,885.1477,352.9984,0.004971488
6,end,True,75.36165,-257.2308,72.30568,80,0,0,885.3696,353.0327,0.00972557
6,end,True,75.33804,-257.3003,72.28915,80,0,0,885.5928,353.0906,0.005570875
6,end,True,75.32495,-257.3442,72.2748,80,0,0,885.816,353.1269,0.009113298
6,end,True,75.35561,-257.2697,72.25679,80,0,0,886.0397,353.0586,0.004766423
6,end,True,75.35955,-257.2433,72.2203,80,0,0,886.2474,353.0268,0.007942175
6,end,True,75.33916,-257.1821,72.24026,80,0,0,886.4698,352.968,0.00922785
6,end,True,75.25094,-257.1137,72.33424,80,0,0,886.6926,352.9031,0.00989463
6,end,True,75.21922,-257.0793,72.37164,80,0,0,886.9158,352.8712,0.005221225
6,end,True,75.46069,-257.1604,72.03828,80,0,0,887.1399,352.9319,0.0148239
6,end,True,75.60992,-257.1037,72.00594,80,0,0,887.3614,352.9031,0.00989266
6,end,True,75.55444,-257.0601,72.05599,80,0,0,887.5705,352.8598,0.006819809
6,end,True,75.40646,-257.1098,72.18431,80,0,0,887.8349,352.9019,0.01685963
6,end,True,75.24963,-257.1557,72.1319,80,0,0,888.0573,352.9015,0.004661359
6,end,True,75.27414,-257.3042,72.17725,80,0,0,888.2802,353.0579,0.008465125
6,end,True,75.31173,-257.2211,72.17326,80,0,0,888.5026,352.9857,0.003657553
6,end,True,75.3499,-257.2251,72.12995,80,0,0,888.7257,352.9888,0.008336176
6,end,True,75.41228,-257.1372,72.15746,80,0,0,888.9484,352.9239,0.004671013
6,end,True,75.37363,-257.1452,72.11272,80,0,0,889.1725,352.9141,0.001430165
6,end,True,75.41248,-257.1247,72.08078,80,0,0,889.3942,352.8962,0.003881261
6,end,True,75.36584,-257.0847,72.08792,80,0,0,889.6154,352.8495,0.003163532
6,end,True,75.34816,-257.107,72.06898,80,0,0,889.822,352.8631,0.003656906
6,end,True,75.38266,-257.1708,72.18632,80,0,0,890.0756,352.9555,0.007183766
6,end,True,75.39642,-257.1847,72.16843,80,0,0,890.3003,352.968,0.005026253
6,end,True,75.37755,-257.2476,72.08027,80,0,0,890.5214,353.006,0.01039227
6,end,True,75.35947,-257.2148,72.03776,80,0,0,890.772,352.9622,0.005141369
6,end,True,75.38586,-257.1715,72.07568,80,0,0,890.9816,352.9342,0.002055942
6,end,True,75.40176,-257.1526,72.11795,80,0,0,891.2055,352.9281,0.007448796
6,end,True,75.30155,-257.1446,72.11045,80,0,0,891.4542,352.8976,0.00852703
6,end,True,75.35606,-257.1099,72.11778,80,0,0,891.6769,352.8776,0.003891472
6,end,True,75.36665,-257.1375,72.07044,80,0,0,891.9,352.8965,0.003792565
6,end,True,75.39217,-257.1123,72.08553,80,0,0,892.1227,352.881,0.004842402
6,end,True,75.38515,-257.1077,72.05925,80,0,0,892.3457,352.8697,0.002519349
6,end,True,75.38513,-257.1621,72.09505,80,0,0,892.5681,352.929,0.006104669
6,end,True,75.29967,-257.1767,72.10265,80,0,0,892.7776,352.9262,0.0172768
6,end,True,75.21575,-257.2105,72.1283,80,0,0,892.999,352.9459,0.04258909
6,end,True,75.14574,-257.131,72.01613,80,0,0,893.2237,352.8321,0.02281485
6,end,True,75.23403,-257.2787,72.22159,80,0,0,893.4177,353.0341,0.02166029
6,end,True,75.67917,-257.457,72.60357,80,0,0,893.6396,353.3778,0.04122637
6,end,True,75.8093,-257.2777,72.59856,80,0,0,893.8616,353.2334,0.04748935
6,end,True,76.97847,-258.8158,74.09049,80,0,0,894.0829,355.2622,0.225421
6,end,True,82.47565,-259.9238,72.01668,80,0,0,894.2921,357.123,0.7114853
6,end,True,94.93157,-262.2721,67.12402,80,0,0,894.5156,361.48,0.7049124
6,end,True,105.7525,-263.0911,64.75974,80,0,0,894.7208,364.8135,0.5130095
6,end,True,111.4012,-259.7097,62.37165,80,0,0,894.9288,362.9093,0.3442182
6,end,True,116.3743,-256.2656,56.67794,80,0,0,895.1351,360.3192,0.3935199
6,end,True,120.1657,-252.7512,48.79216,80,0,0,895.3429,357.1328,0.5542457
6,end,True,126.7127,-247.6485,35.78087,80,0,0,895.5777,353.1146,0.5931468
6,end,True,142.4348,-244.1786,28.33396,80,0,0,895.8149,355.2214,1.175792
6,end,True,163.8117,-241.3287,26.17074,80,0,0,896.0353,361.6231,0.8001968
6,end,True,167.7384,-238.6381,24.87303,80,0,0,896.2456,360.9503,0.1195499
6,end,True,169.3184,-234.0448,23.15186,80,0,0,896.4712,357.5316,0.265021
6,end,True,174.059,-230.7579,22.57222,80,0,0,896.6812,356.8984,0.317496
6,end,True,176.3848,-227.7691,24.01646,80,0,0,896.8929,355.5421,0.3004363
6,end,True,179.2051,-224.473,24.83202,80,0,0,897.1031,354.1679,0.1789122
6,end,True,180.2769,-222.7583,26.3487,80,0,0,897.3126,353.3506,0.07516818
6,end,True,181.2583,-221.503,27.79378,80,0,0,897.5212,352.8896,0.1476467
6,end,True,181.6636,-221.4025,28.56964,80,0,0,897.7324,353.0741,0.02670614
6,end,True,182.0768,-221.0566,29.31021,80,0,0,897.9399,353.0526,0.1059338
6,end,True,182.0753,-220.4989,29.27402,80,0,0,898.1509,352.5734,0.04935664
6,end,True,182.2942,-220.1347,29.16158,80,0,0,898.3595,352.3668,0.01930322
6,end,True,181.8623,-220.6255,28.9066,80,0,0,898.5704,352.541,0.07449868
6,end,True,181.8845,-221.4823,28.51156,80,0,0,898.7768,353.2513,0.06982362
6,end,True,180.7559,-222.9702,27.67068,80,0,0,898.9857,353.8775,0.1354758
6,end,True,178.4319,-225.108,26.87947,80,0,0,899.1927,354.4733,0.1396195
6,end,True,177.0363,-226.6408,26.182,80,0,0,899.3995,355.0436,0.07011142
6,end,True,176.0145,-227.1328,25.74023,80,0,0,899.6077,354.9284,0.04642852
6,end,True,175.6121,-226.7219,25.57648,80,0,0,899.8173,354.3615,0.02661088
6,end,True,175.2983,-226.335,25.26354,80,0,0,900.026,353.8486,0.0216288
6,end,True,173.274,-226.1012,24.2673,80,0,0,900.2336,352.5772,0.2152541
6,end,True,170.8014,-225.8065,23.02414,80,0,0,900.4412,351.0283,0.1516951
6,end,True,169.5959,-225.0002,22.73603,80,0,0,900.6504,349.7211,0.01048268
6,end,True,169.2966,-224.6865,22.10241,80,0,0,900.8588,349.2617,0.03996997
6,end,True,169.8916,-223.6457,22.37748,80,0,0,901.0696,348.6611,0.1292761
6,end,True,170.5693,-222.745,22.93001,80,0,0,901.2759,348.2445,0.04373062
6,end,True,170.7089,-222.2098,23.61208,80,0,0,901.4873,347.8934,0.04427582
6,end,True,170.0858,-221.7836,24.0775,80,0,0,901.6937,347.2495,0.06111316
6,end,True,169.3539,-222.3189,23.76767,80,0,0,901.9047,347.3361,0.04674223
6,end,True,169.7836,-222.1263,20.88746,80,0,0,902.1098,347.1931,0.2412572
6,end,True,170.7611,-219.9754,17.4959,80,0,0,902.3178,345.6164,0.225181
6,end,True,171.9584,-217.8863,14.42634,80,0,0,902.5595,344.2587,0.1257534
6,end,True,172.226,-217.5039,12.99492,80,0,0,902.782,344.0047,0.04322162
6,end,True,172.3762,-217.8302,12.18096,80,0,0,903.0068,344.3324,0.03454304
6,end,True,172.33,-218.6111,11.86997,80,0,0,903.2288,344.9741,0.0443277
6,end,True,172.2259,-219.5312,12.20018,80,0,0,903.4513,345.7304,0.0662596
6,end,True,171.362,-222.6029,15.4127,80,0,0,903.676,348.0963,0.1745191
6,end,True,171.1946,-223.9267,18.95527,80,0,0,903.8909,349.3399,0.1556332
6,end,True,171.0183,-224.503,21.84681,80,0,0,904.1029,349.9237,0.1315209
6,end,True,171.867,-224.5508,24.44416,80,0,0,904.3129,350.5523,0.1300269
6,end,True,173.1089,-223.8503,28.04533,80,0,0,904.5197,350.825,0.1932326
6,end,True,173.9915,-222.2722,31.02509,80,0,0,904.736,350.1487,0.1761481
6,end,True,174.6904,-220.9649,33.09976,80,0,0,904.9719,349.56,0.1046783
6,end,True,175.2421,-220.6132,33.69504,80,0,0,905.1942,349.5904,0.04345104
6,end,True,175.0894,-219.9561,33.25621,80,0,0,905.4183,348.9068,0.02918715
6,end,True,175.0395,-220.9903,31.37356,80,0,0,905.6266,349.5973,0.09625826
6,end,True,174.0212,-221.7773,29.00552,80,0,0,905.851,349.5629,0.09489284
6,end,True,173.1268,-223.1788,28.14001,80,0,0,906.0624,350.2601,0.09540313
6,end,True,172.0007,-224.9322,27.10394,80,0,0,906.2736,351.1446,0.1302584
6,end,True,171.6062,-225.9491,26.04541,80,0,0,906.4843,351.7555,0.08770259
6,end,True,170.989,-225.8161,25.14306,80,0,0,906.6924,351.2733,0.09044231
6,end,True,170.77,-225.3075,24.77108,80,0,0,906.9007,350.6974,0.026428
6,end,True,170.2167,-225.1162,24.38983,80,0,0,907.1098,350.2349,0.04107242
6,end,True,169.8893,-225.5138,23.50353,80,0,0,907.3185,350.3619,0.06460156
6,end,True,169.4568,-226.2338,22.40859,80,0,0,907.5291,350.7092,0.06860751
6,end,True,169.4569,-226.9248,21.01618,80,0,0,907.7365,351.2266,0.08139294
6,end,True,170.1805,-227.1562,17.31096,80,0,0,907.9476,351.5764,0.2836134
6,end,True,170.897,-225.396,13.74195,80,0,0,908.152,350.2305,0.1181857
6,end,True,171.787,-224.1766,15.06968,80,0,0,908.3573,349.6588,0.1767033
6,end,True,173.9206,-225.2058,20.07912,80,0,0,908.6181,351.8553,0.1989601
6,end,True,174.5953,-225.3909,22.673,80,0,0,908.8397,352.507,0.08735394
6,end,True,174.913,-225.7752,22.91113,80,0,0,909.0626,353.0127,0.02948096
6,end,True,175.0785,-226.0341,22.27329,80,0,0,909.2847,353.2781,0.0420019
6,end,True,175.1937,-226.1501,21.78959,80,0,0,909.509,353.4055,0.02598415
6,end,True,172.758,-228.5286,23.18588,80,0,0,909.7318,354.3625,0.1731116
6,end,True,170.4065,-230.7074,25.17635,80,0,0,909.9594,355.2623,0.173045
6,end,True,168.2523,-232.2533,25.57529,80,0,0,910.1704,355.6192,0.09863391
6,end,True,166.0591,-235.1907,25.18414,80,0,0,910.3828,357.1484,0.2033303
6,end,True,164.1057,-237.4419,24.46433,80,0,0,910.5925,358.1879,0.1161635
6,end,True,161.5512,-239.9182,24.02609,80,0,0,910.8011,359.1986,0.2286035
6,end,True,159.1494,-242.237,24.05263,80,0,0,911.0101,360.1996,0.2021797
6,end,True,153.4511,-247.3286,23.63707,80,0,0,911.2202,362.2844,0.540844
6,end,True,148.218,-250.3206,22.89275,80,0,0,911.4265,362.7731,0.2145138
6,end,True,148.5995,-250.7879,22.98437,80,0,0,911.6357,363.3604,0.04645161
6,end,True,149.5616,-250.6459,22.99336,80,0,0,911.8457,363.6263,0.04245919
6,end,True,149.9152,-250.4386,23.22858,80,0,0,912.0535,363.5984,0.03458001
6,end,True,150.8856,-249.6463,23.59508,80,0,0,912.2637,363.3041,0.05844549
6,end,True,151.9397,-248.3976,23.80682,80,0,0,912.4718,362.6257,0.09560579
6,end,True,153.2861,-246.7466,24.06171,80,0,0,912.681,361.7166,0.09868492
6,end,True,155.2948,-244.8535,24.21952,80,0,0,912.8894,360.8779,0.1433543
6,end,True,159.3018,-241.563,23.38322,80,0,0,913.0986,359.6201,0.3347993
6,end,True,165.914,-235.4126,20.39188,80,0,0,913.305,356.9711,0.4968462
6,end,True,170.894,-228.9264,17.43604,80,0,0,913.5127,353.4746,0.3271924
6,end,True,173.1387,-224.764,15.47159,80,0,0,913.7197,350.8525,0.1953467
6,end,True,174.0606,-222.6215,14.30505,80,0,0,913.9274,349.4016,0.08739623
6,end,True,171.793,-222.3229,16.85532,80,0,0,914.1346,348.1323,0.2370512
6,end,True,170.2445,-222.8804,19.62827,80,0,0,914.3479,348.0014,0.09786101
6,end,True,169.3275,-222.8162,21.40146,80,0,0,914.5577,347.6024,0.08167543
6,end,True,168.9765,-222.7283,22.43451,80,0,0,914.7684,347.4202,0.04021284
6,end,True,168.6908,-222.0812,23.53827,80,0,0,914.9755,346.7905,0.07165496
6,end,True,168.8916,-221.5471,24.85703,80,0,0,915.1849,346.5153,0.2908016
6,end,True,169.8569,-220.3708,25.97626,80,0,0,915.3929,346.0473,0.08408751
6,end,True,170.9087,-219.4953,26.94827,80,0,0,915.6012,345.8806,0.07103318
6,end,True,171.3681,-219.2023,27.39412,80,0,0,915.8101,345.8894,0.03205276
6,end,True,171.7879,-219.2656,26.5031,80,0,0,916.0192,346.0829,0.07356849
6,end,True,172.2957,-219.2946,25.24484,80,0,0,916.2274,346.2664,0.05281898
6,end,True,172.6962,-219.4867,24.6468,80,0,0,916.4358,346.5887,0.03347112
6,end,True,172.813,-219.4811,24.19466,80,0,0,916.6439,346.6102,0.01929254
6,end,True,172.9598,-219.4682,23.69193,80,0,0,916.8533,346.6376,0.03364383
6,end,True,172.8493,-219.6533,23.17325,80,0,0,917.0623,346.7074,0.03211084
6,end,True,173.0262,-219.912,22.84278,80,0,0,917.2718,346.9972,0.01663876
6,end,True,173.2576,-220.0516,22.50591,80,0,0,917.4797,347.2112,0.02893328
6,end,True,173.395,-220.2167,22.28874,80,0,0,917.6899,347.4084,0.0120408
6,end,True,173.3641,-220.6194,22.29267,80,0,0,917.8969,347.7414,0.03165544
6,end,True,173.2636,-221.2734,22.86159,80,0,0,918.1075,348.2939,0.0499198
6,end,True,173.2377,-222.291,23.89077,80,0,0,918.3149,349.2305,0.06912424
6,end,True,173.5345,-223.3265,24.84156,80,0,0,918.5253,350.3402,0.06815667
6,end,True,173.7389,-224.2368,25.65871,80,0,0,918.7328,351.2885,0.05763136
6,end,True,173.7547,-225.1818,26.35745,80,0,0,918.9431,352.1666,0.05289753
6,end,True,173.8793,-225.7348,26.7538,80,0,0,919.151,352.7373,0.023777
6,end,True,174.1258,-226.0552,26.67488,80,0,0,919.3597,353.1305,0.02024175
6,end,True,174.2915,-226.327,26.87258,80,0,0,919.5679,353.4627,0.06009712
6,end,True,173.2058,-227.9025,29.79101,80,0,0,919.7773,354.5303,0.2322597
6,end,True,172.3206,-229.8365,34.2769,80,0,0,919.9883,356.1853,0.1779193
6,end,True,171.721,-231.1729,37.05643,80,0,0,920.197,357.3371,0.1431143
6,end,True,171.8555,-231.8239,39.41761,80,0,0,920.4057,358.2209,0.1044949
6,end,True,171.9906,-231.6778,40.6896,80,0,0,920.6143,358.3008,0.06871781
6,end,True,172.1983,-230.828,40.90587,80,0,0,920.8231,357.6864,0.04303404
6,end,True,171.9989,-229.7958,40.6191,80,0,0,921.0308,356.6608,0.05080513
6,end,True,171.9142,-229.1573,40.07005,80,0,0,921.2394,356.0033,0.04707933
6,end,True,171.7487,-228.7708,39.46494,80,0,0,921.4501,355.5201,0.03916092
6,end,True,171.7202,-228.2743,38.84376,80,0,0,921.6568,355.0066,0.04311528
6,end,True,171.8791,-227.5775,38.26927,80,0,0,921.8867,354.4162,0.05346841
6,end,True,172.0012,-226.8027,37.95875,80,0,0,922.1,353.77,0.03754893
6,end,True,171.6178,-226.3711,37.63791,80,0,5.276452,922.3132,350.6413,0.0542861
6,Eye_Level,True,171.5151,-226.2363,37.29757,80,0,27.43798,922.522,340.4849,0.02430348
6,Eye_Level,True,170.9734,-226.4476,36.46444,80,0,58.69778,922.7314,328.3985,0.07235936
6,Eye_Level,True,169.9047,-227.3385,35.20571,80,0,93.90465,922.9407,318.5473,0.1020434
6,Eye_Level,True,169.203,-228.7587,33.74175,80,0,124.9732,923.1502,313.7303,0.1011412
6,Eye_Level,True,168.7343,-230.2594,32.44571,80,0,145.6322,923.3601,312.8055,0.07410384
6,Eye_Level,True,167.6613,-231.4049,32.75033,80,0,150,923.5689,313.62,0.112217
6,Eye_Level,True,167.2957,-232.9292,35.39156,80,0,150,923.7783,315.3988,0.1508029
6,Eye_Level,True,166.871,-234.4884,38.38047,80,0,150,923.986,317.2706,0.165705
6,Eye_Level,True,167.0292,-235.7871,40.65477,80,0,150,924.1957,318.8484,0.1106189
6,Eye_Level,True,167.3353,-236.8278,41.50787,80,0,150,924.4039,320.0051,0.02812053
6,Eye_Level,True,167.4697,-236.1998,40.61943,80,0,150,924.6135,319.2764,0.1313149
6,Eye_Level,True,168.4819,-233.3981,36.49746,80,0,150,924.819,316.057,0.453709
6,Eye_Level,True,172.0994,-226.612,29.22646,80,0,150,925.0276,308.7936,0.5465161
6,Eye_Level,True,173.9107,-219.2769,23.60645,80,0,150,925.2307,301.1572,0.417013
6,Eye_Level,True,174.5936,-212.1854,17.39412,80,0,150,925.4655,293.734,0.3442701
6,Eye_Level,True,175.2046,-205.5386,12.2425,80,0,150,925.7118,286.9101,0.2746362
6,Eye_Level,True,175.3188,-201.0763,9.216274,80,0,150,925.9339,282.3647,0.2007833
6,Eye_Level,True,175.6048,-197.7738,7.100239,80,0,150,926.1566,279.0417,0.1656022
6,Eye_Level,True,177.6916,-188.3613,5.757916,80,0,150,926.3772,269.8477,0.6259441
6,Eye_Level,True,180.0311,-187.6031,8.437816,80,0,150,926.5953,269.415,0.2045925
6,Eye_Level,True,180.4802,-197.3556,-0.2993226,80,0,150,926.8702,279.0255,0.6279737
6,Eye_Level,True,180.9531,-204.4566,-11.29316,80,0,150,927.0776,286.3585,0.657876
6,Eye_Level,True,174.949,-216.4764,-28.02057,80,0,150,927.274,298.8408,0.9139646
6,Eye_Level,True,171.9862,-223.4806,-38.95418,80,0,150,927.5095,306.7594,0.571138
6,Eye_Level,True,169.662,-224.0441,-53.86005,80,0,150,927.7349,309.4031,0.6874607
6,Eye_Level,True,169.6755,-224.0018,-70.41175,80,0,150,927.9563,312.6692,0.6478176
6,Eye_Level,True,169.5227,-227.1807,-81.01962,80,0,150,928.1774,318.285,0.49755
6,Eye_Level,True,167.0806,-234.097,-88.39283,80,0,150,928.4066,326.7445,0.4246532
6,Eye_Level,True,165.5854,-239.5928,-92.8997,80,0,150,928.6174,333.1859,0.2880298
6,Eye_Level,True,164.0959,-241.7981,-99.36602,80,0,150,928.8265,337.085,0.3621655
6,Eye_Level,True,162.4384,-240.1905,-108.7622,80,0,150,929.0377,338.3872,0.5464962
6,Eye_Level,True,160.7155,-238.4645,-120.1899,80,0,150,929.2478,340.5585,0.4541767
6,Eye_Level,True,158.5938,-238.6209,-126.2584,80,0,150,929.4561,342.8328,0.2976023
6,Eye_Level,True,156.7563,-240.7461,-127.9574,80,0,150,929.6626,345.3937,0.1910345
6,Eye_Level,True,155.0505,-242.772,-126.964,80,0,150,929.8713,346.882,0.08588059
6,Eye_Level,True,155.2495,-242.7085,-124.6898,80,0,150,930.0803,345.9998,0.1653656
6,Eye_Level,True,156.8871,-241.2153,-121.937,80,0,150,930.2884,343.65,0.1715815
6,Eye_Level,True,159.6861,-239.4359,-116.8476,80,0,150,930.4985,340.2741,0.3550986
6,Eye_Level,True,162.7573,-237.1847,-108.4612,80,0,150,930.7087,335.4589,0.4802574
6,Eye_Level,True,167.4935,-232.8567,-95.56719,80,0,150,930.9131,327.5949,0.6417329
6,Eye_Level,True,171.0547,-225.8731,-86.45493,80,0,150,931.1784,318.5532,0.3283295
6,Eye_Level,True,172.9805,-221.9728,-84.60184,80,0,150,931.4035,314.4411,0.1747527
6,Eye_Level,True,173.7244,-219.3427,-84.79834,80,0,150,931.6263,312.0251,0.07662585
6,Eye_Level,True,173.3747,-216.3568,-83.9334,80,0,150,931.8475,308.8989,0.2439901
6,Eye_Level,True,175.3526,-207.6378,-79.48271,80,0,150,932.0702,299.4925,0.8695838
6,Eye_Level,True,177.9457,-194.7034,-73.53034,80,0,150,932.2899,285.744,0.6508972
6,Eye_Level,True,179.535,-181.8336,-64.89706,80,0,150,932.5633,271.3683,0.4573112
6,Eye_Level,True,180.9172,-177.2467,-55.70366,80,0,150,932.7719,265.0182,0.514286
6,Eye_Level,True,180.5721,-174.045,-42.03166,80,0,150,932.9822,259.3072,0.7442521
6,Eye_Level,True,179.698,-172.8333,-24.57317,80,0,150,933.1904,255.7547,0.9231005
6,Eye_Level,True,181.6499,-170.9658,-9.038263,80,0,150,933.3989,253.1151,0.7060139
6,Eye_Level,True,183.1181,-166.6761,2.528965,80,0,150,933.6076,248.9022,0.6006469
6,Eye_Level,True,181.0754,-159.879,15.02931,80,0,150,933.8167,242.35,0.750487
6,Eye_Level,True,178.1993,-149.4957,28.60431,80,0,150,934.025,232.9843,0.8761631
6,Eye_Level,True,179.9412,-137.6485,39.61203,80,0,150,934.2343,223.2408,0.6991131
6,Eye_Level,True,182.0263,-127.9043,51.07184,80,0,150,934.4441,216.4676,0.7510867
6,Eye_Level,True,179.8497,-116.7777,67.07664,80,0,150,934.6516,210.028,0.9909508
6,Eye_Level,True,178.7814,-104.4744,93.4164,80,0,150,934.9041,208.7721,1.492187
6,Eye_Level,True,182.9236,-91.23506,111.4616,80,0,150,935.1544,206.9519,0.6892707
6,Eye_Level,True,180.2652,-75.17922,125.094,80,0,150,935.3914,201.6063,0.7838651
6,Eye_Level,True,178.4747,-53.67953,136.5145,80,0,150,935.6165,193.1767,1.136737
6,Eye_Level,True,182.0085,-36.58558,146.0503,80,0,150,935.8428,189.5981,0.8570097
6,Eye_Level,True,182.3945,-20.49369,155.7721,80,0,150,936.0663,188.1843,0.8821564
6,Eye_Level,True,180.4838,-0.6188631,169.6226,80,0,150,936.2921,190.2643,1.098699
6,Eye_Level,True,183.3395,19.04714,181.6495,80,0,150,936.5145,194.4821,0.9807972
6,Eye_Level,True,184.1315,39.82506,188.6032,80,0,150,936.7388,195.832,1.039347
6,Eye_Level,True,180.499,62.20574,191.1109,80,0,150,936.9638,194.3456,1.045217
6,Eye_Level,True,182.2438,84.58602,189.0372,80,0,150,937.1866,191.8222,0.8862936
6,Eye_Level,True,183.41,103.7782,188.9856,80,0,150,937.409,193.3835,0.9250451
6,Eye_Level,True,179.5614,126.0416,190.071,80,0,150,937.6332,197.7895,1.134001
6,Eye_Level,True,178.3215,151.8258,194.6019,80,0,150,937.8585,209.3584,1.17783
6,Eye_Level,True,181.7341,175.7366,194.0128,80,0,150,938.0964,218.6629,0.7452818
6,Eye_Level,True,180.572,196.9717,191.1136,80,0,150,938.3052,226.1448,1.09445
6,Eye_Level,True,177.7512,218.785,184.426,80,0,150,938.5179,232.4745,1.06275
6,Eye_Level,True,180.5993,236.338,177.246,80,0,150,938.7283,238.315,0.8428509
6,Eye_Level,True,181.3359,252.7095,173.5567,80,0,150,938.9373,246.845,0.7902933
6,Eye_Level,True,179.2589,270.4738,172.3904,80,0,150,939.1465,258.5629,0.8998609
6,Eye_Level,True,181.0952,287.9318,172.0603,80,0,150,939.3557,271.675,0.7219251
6,Eye_Level,True,181.584,301.7029,168.5087,80,0,150,939.5655,280.2586,0.6257002
6,Eye_Level,True,179.7065,313.3165,162.357,80,0,150,939.7737,285.7951,0.5777845
6,Eye_Level,True,180.299,321.937,155.9614,80,0,150,939.9836,289.44,0.4761725
6,Eye_Level,True,180.0997,332.623,156.639,80,0,150,940.196,298.7644,0.4941359
6,Eye_Level,True,179.0466,339.1338,159.1415,80,0,150,940.4078,305.4833,0.3286407
6,Eye_Level,True,178.5845,343.7834,162.6469,80,0,150,940.6169,311.2118,0.2670865
6,Eye_Level,True,177.9792,346.2223,165.1089,80,0,150,940.8257,314.5125,0.1450287
6,Eye_Level,True,177.5766,346.6447,166.4992,80,0,150,941.0355,315.5659,0.02920721
6,Eye_Level,True,177.1573,345.3224,167.2018,80,0,150,941.2437,314.7855,0.09397254
6,Eye_Level,True,176.5883,343.1534,167.9563,80,0,150,941.4532,313.3145,0.1015019
6,Eye_Level,True,176.8306,341.5698,168.4649,80,0,150,941.6594,312.2804,0.1012048
6,Eye_Level,True,177.0942,340.5256,168.8145,80,0,150,941.8705,311.6184,0.04750841
6,Eye_Level,True,176.6167,340.4417,168.4688,80,0,150,942.0789,311.3199,0.03152385
6,Eye_Level,True,177.4301,337.1996,165.0614,80,0,150,942.2878,306.8376,0.2822847
6,Eye_Level,True,178.1964,333.5944,163.7944,80,0,150,942.4868,303.2058,0.1646271
6,Eye_Level,True,178.3906,329.5622,162.8097,80,0,150,942.6931,299.3231,0.2272089
6,Eye_Level,True,178.1388,318.1875,161.9505,80,0,150,942.9033,289.4012,0.9319933
6,Eye_Level,True,179.2972,294.3603,164.8936,80,0,150,943.1663,272.0268,0.8695094
6,Eye_Level,True,181.0268,282.4973,168.0472,80,0,150,943.4357,264.9673,0.2179861
6,Eye_Level,True,180.3514,289.6182,160.7219,80,0,150,943.6442,265.8807,0.7269825
6,Eye_Level,True,180.7295,291.4506,158.2735,80,0,150,943.8307,265.9063,0.1848904
6,Eye_Level,True,179.8084,291.7813,151.3473,80,0,150,944.0475,262.0036,0.3901471
6,Eye_Level,True,179.7546,292.2777,142.5773,80,0,150,944.2576,257.4402,0.3931419
6,Eye_Level,True,180.1015,291.1824,137.6944,80,0,150,944.4661,253.8974,0.2450477
6,Eye_Level,True,180.0805,282.2918,137.9526,80,0,150,944.6754,246.6936,0.8469121
6,Eye_Level,True,180.4709,261.9189,151.0197,80,0,150,944.9193,238.3902,1.174097
6,Eye_Level,True,179.8849,241.5547,167.9021,80,0,150,945.1896,234.913,0.9365927
6,Eye_Level,True,181.4182,227.2092,175.0533,80,0,150,945.3983,230.8708,0.7103654
6,Eye_Level,True,179.825,210.266,176.6854,80,0,150,945.6071,221.5322,0.8841156
6,Eye_Level,True,176.503,188.7668,171.9852,80,0,150,945.8159,205.211,1.199579
6,Eye_Level,True,176.7715,165.5138,163.3844,80,0,150,946.0242,186.3431,1.075976
6,Eye_Level,True,180.89,143.8699,157.9386,80,0,150,946.2331,173.142,1.112992
6,Eye_Level,True,176.6471,119.8466,151.8719,80,0,150,946.4432,159.2573,1.24589
6,Eye_Level,True,176.4122,91.16018,146.5954,80,0,150,946.6528,149.3732,1.37412
6,Eye_Level,True,180.1022,64.14693,133.2721,80,0,150,946.9177,137.5461,1.11343
6,Eye_Level,True,174.6008,42.63914,119.4121,80,0,150,947.1281,127.5158,1.324585
6,Eye_Level,True,176.4854,18.4773,97.87594,80,0,150,947.3654,118.6011,1.228006
6,Eye_Level,True,179.7255,-1.902533,85.52863,80,0,150,947.5899,122.0933,1.131642
6,Eye_Level,True,174.5858,-25.40503,72.00328,80,0,150,947.813,129.9967,1.306133
6,Eye_Level,True,175.3825,-51.78719,59.54739,80,0,150,948.0405,146.8265,1.18088
6,Eye_Level,True,177.8366,-71.58545,42.90207,80,0,150,948.2648,159.98,1.169806
6,Eye_Level,True,173.2076,-89.84267,23.06075,80,0,150,948.4895,172.9651,1.300411
6,Eye_Level,True,173.9674,-107.9818,1.137805,80,0,150,948.7126,189.507,1.277076
6,Eye_Level,True,175.9211,-126.844,-14.11601,80,0,150,948.9354,208.9393,1.132492
6,Eye_Level,True,171.8297,-148.4047,-29.32652,80,0,150,949.1619,231.3121,1.242288
6,Eye_Level,True,171.5916,-171.4891,-43.55716,80,0,150,949.3842,256.1449,0.9804391
6,Eye_Level,True,172.4776,-187.2908,-58.6364,80,0,150,949.608,274.5684,0.8902267
6,Eye_Level,True,168.6876,-198.7895,-75.9992,80,0,150,949.8182,289.5664,1.445568
6,Eye_Level,True,166.3614,-210.5019,-97.71868,80,0,150,950.0297,306.9332,1.141623
6,Eye_Level,True,162.6862,-219.9774,-112.3706,80,0,150,950.2405,320.5846,0.6806629
6,Eye_Level,True,158.3626,-225.9172,-118.6931,80,0,150,950.4516,328.2428,0.3301893
6,Eye_Level,True,154.4671,-229.867,-120.0989,80,0,150,950.6613,332.3571,0.2348484
6,Eye_Level,True,152.3236,-231.4989,-119.4817,80,0,150,950.8716,333.6358,0.0831207
6,Eye_Level,True,152.7422,-231.0722,-118.8052,80,0,150,951.0791,332.9987,0.0633966
6,Eye_Level,True,153.7886,-229.7124,-117.6499,80,0,150,951.2888,331.3271,0.1473934
6,Eye_Level,True,156.1577,-227.1538,-116.7736,80,0,150,951.4973,328.66,0.1954197
6,Eye_Level,True,159.2141,-223.7481,-115.4628,80,0,150,951.707,325.0838,0.2643488
6,Eye_Level,True,162.6804,-220.015,-111.4851,80,0,150,951.9133,320.3104,0.3661753
6,Eye_Level,True,167.3111,-214.1772,-105.5681,80,0,150,952.1474,313.0248,0.4222337
6,Eye_Level,True,169.6763,-209.1537,-100.5209,80,0,150,952.3652,306.7596,0.344425
6,Eye_Level,True,170.6985,-203.4356,-93.78562,80,0,150,952.5887,299.2656,0.4425248
6,Eye_Level,True,171.4049,-196.0695,-83.92482,80,0,150,952.8115,289.337,0.5887057
6,Eye_Level,True,173.4197,-186.974,-71.10769,80,0,150,953.0624,277.2722,0.5803394
6,Eye_Level,True,173.8396,-184.1034,-63.20491,80,0,150,953.2552,272.6056,0.3220656
6,Eye_Level,True,173.1269,-185.1359,-53.34678,80,0,150,953.4935,271.4366,0.4587408
6,Eye_Level,True,170.5518,-189.479,-41.92542,80,0,150,953.7179,273.4942,0.5635324
6,Eye_Level,True,170.2766,-196.2942,-28.60419,80,0,150,953.9406,278.51,0.7102173
6,Eye_Level,True,171.4266,-200.8734,-17.21148,80,0,150,954.1668,282.2148,0.4681458
6,Eye_Level,True,171.746,-202.8473,-6.865895,80,0,150,954.3921,283.7651,0.4844135
6,Eye_Level,True,171.0773,-201.2534,7.048716,80,0,150,954.6183,282.1301,0.7881613
6,Eye_Level,True,172.6456,-196.0572,26.32517,80,0,150,954.8382,278.2326,0.8829562
6,Eye_Level,True,173.4313,-193.7748,39.52395,80,0,150,955.0582,277.6037,0.4329608
6,Eye_Level,True,173.1488,-194.857,44.05396,80,0,150,955.283,279.326,0.1158268
6,Eye_Level,True,172.4352,-197.6555,42.43671,80,0,150,955.5103,281.7744,0.1756888
6,Eye_Level,True,172.1988,-199.5993,40.37925,80,0,150,955.7368,283.3708,0.1153197
6,Eye_Level,True,171.7513,-201.0629,38.43092,80,0,150,955.9468,284.5108,0.1278964
6,Eye_Level,True,171.6982,-202.0409,36.85786,80,0,150,956.1559,285.2654,0.07593124
6,Eye_Level,True,171.6351,-202.8092,35.73753,80,0,150,956.3651,285.8781,0.05605432
6,Eye_Level,True,171.6635,-203.4567,35.2842,80,0,150,956.5742,286.4647,0.03116569
6,Eye_Level,True,171.7543,-203.764,35.09108,80,0,150,956.783,286.7518,0.03201407
6,Eye_Level,True,171.9341,-203.8236,34.53773,80,0,150,956.9921,286.7574,0.03331283
6,Eye_Level,True,172.2293,-203.7223,33.2785,80,0,150,957.2017,286.5308,0.1095633
6,Eye_Level,True,173.2224,-203.6003,28.54401,80,0,150,957.4101,285.9776,0.2662582
6,Eye_Level,True,174.0336,-203.3206,22.5093,80,0,150,957.6185,285.2277,0.2907645
6,Eye_Level,True,174.0716,-203.0686,15.69611,80,0,150,957.8391,284.5236,0.4011634
6,Eye_Level,True,174.0284,-203.3137,9.632243,80,0,150,958.0588,284.4939,0.2755528
6,Eye_Level,True,174.1486,-203.7274,3.545342,80,0,150,958.2803,284.7753,0.2901456
6,Eye_Level,True,173.5192,-202.9771,-1.317179,80,0,150,958.5045,283.9558,0.1712599
6,Eye_Level,True,174.2261,-203.3763,-1.422822,80,0,150,958.7234,284.4135,0.09426217
6,Eye_Level,True,174.8611,-205.8939,3.835474,80,0,150,958.9459,286.9984,0.3303967
6,Eye_Level,True,175.4747,-209.6399,10.54064,80,0,150,959.1672,290.9491,0.3133761
6,Eye_Level,True,175.7025,-210.5195,16.403,80,0,150,959.3861,292.1152,0.2743405
6,Eye_Level,True,177.0535,-209.2304,20.06477,80,0,150,959.6079,291.185,0.1395945
6,Eye_Level,True,178.2891,-206.1654,21.60746,80,0,150,959.8295,288.3709,0.2020789
6,Eye_Level,True,179.4237,-202.2704,23.29327,80,0,150,960.0516,284.7541,0.1531487
6,Eye_Level,True,180.2733,-199.6725,24.11868,80,0,150,960.2879,282.3383,0.06132556
6,Eye_Level,True,180.0772,-199.13,24.11365,80,0,150,960.5358,281.7794,0.0135048
6,Eye_Level,True,178.4057,-203.2202,20.53372,80,0,150,960.8026,285.3808,0.1900771
6,Eye_Level,True,176.6985,-209.53,19.35555,80,0,150,961.0278,291.4019,0.3359688
6,Eye_Level,True,175.3786,-213.2243,20.88705,80,0,150,961.2549,295.0607,0.154072
6,Eye_Level,True,175.1377,-215.317,22.35926,80,0,150,961.4828,297.2271,0.08036345
6,Eye_Level,True,176.3541,-218.4624,21.64086,80,0,150,961.6936,300.4042,0.2438865
6,Eye_Level,True,176.7716,-220.5923,22.19371,80,0,150,961.9061,302.5971,0.06440519
6,Eye_Level,True,175.7909,-222.4163,23.29746,80,0,150,962.1172,304.4069,0.09300164
6,Eye_Level,True,173.9413,-225.1531,23.99822,80,0,150,962.3275,307.0301,0.1901531
6,Eye_Level,True,172.113,-228.75,23.41183,80,0,150,962.5386,310.425,0.2070273
6,Eye_Level,True,170.3961,-231.5879,21.1053,80,0,150,962.7479,312.9672,0.1884426
6,Eye_Level,True,169.0793,-233.5404,17.22923,80,0,150,962.9564,314.5925,0.2140259
6,Eye_Level,True,167.7375,-234.8392,13.37887,80,0,150,963.1641,315.6222,0.2135202
6,Eye_Level,True,165.837,-235.9911,9.6634,80,0,150,963.3733,316.5352,0.1946429
6,Eye_Level,True,164.2355,-236.4668,6.745106,80,0,150,963.581,316.8586,0.1442138
6,Eye_Level,True,163.2211,-237.1906,4.581505,80,0,150,963.791,317.4991,0.09091801
6,Eye_Level,True,162.6409,-237.7633,3.289968,80,0,150,963.9995,318.0316,0.06148565
6,Eye_Level,True,162.3988,-238.2026,2.520663,80,0,150,964.2085,318.454,0.01485084
6,Eye_Level,True,162.7106,-238.0277,2.633888,80,0,150,964.4168,318.2925,0.08156043
6,Eye_Level,True,164.011,-236.6551,3.737551,80,0,150,964.6263,316.9869,0.1248002
6,Eye_Level,True,165.7315,-233.0824,5.887015,80,0,150,964.8318,313.5327,0.3381353
6,Eye_Level,True,169.0952,-228.1022,8.32003,80,0,150,965.0425,308.8055,0.3981064
6,Eye_Level,True,171.7573,-223.4811,11.41325,80,0,150,965.246,304.474,0.2593989
6,Eye_Level,True,172.5771,-218.4937,14.11565,80,0,150,965.463,299.6789,0.2437391
6,Eye_Level,True,174.1868,-214.6729,15.5548,80,0,150,965.6855,296.0728,0.1439125
6,Eye_Level,True,175.4475,-210.0612,16.61946,80,0,150,965.9044,291.6493,0.2356547
6,Eye_Level,True,177.8795,-202.7132,18.60277,80,0,150,966.1249,284.6929,0.3899125
6,Eye_Level,True,179.9591,-195.8997,22.65889,80,0,150,966.3452,278.445,0.30388
6,Eye_Level,True,180.6941,-192.9563,24.79724,80,0,150,966.5896,275.7937,0.05113647
6,Eye_Level,True,180.7423,-193.3528,25.72886,80,0,150,966.799,276.2767,0.05740132
6,Eye_Level,True,180.921,-193.7757,26.84681,80,0,150,967.0386,276.8213,0.05572309
6,Eye_Level,True,180.9867,-194.2534,27.82105,80,0,149.5957,967.2615,277.4425,0.05355759
6,end,True,181.2314,-194.4937,28.0075,80,0,129.4068,967.486,280.7436,0.01322335
6,end,True,180.4643,-193.8083,28.06746,80,0,95.05556,967.709,288.19,0.08514412
6,end,True,179.4502,-192.8865,27.07359,80,0,56.07528,967.9327,300.7014,0.06720077
6,end,True,178.1224,-192.1181,25.98146,80,0,21.74804,968.1536,314.9226,0.0932066
6,end,True,177.2267,-191.4688,24.81476,80,0,1.773262,968.3784,324.1836,0.07636715
6,end,True,176.8082,-191.812,23.57852,80,0,0,968.6257,325.1136,0.05192928
6,end,True,176.6495,-192.7638,22.49505,80,0,0,968.8617,325.7471,0.06101402
6,end,True,176.5914,-193.5996,21.91183,80,0,0,969.0857,326.3762,0.03080409
6,end,True,176.4808,-194.2174,21.74098,80,0,0,969.3091,326.8231,0.04628418
6,end,True,176.3053,-194.5456,21.82609,80,0,0,969.5334,327.0095,0.0269089
6,end,True,176.3186,-194.9032,22.01361,80,0,0,969.7561,327.3295,0.02097449
6,end,True,176.3769,-195.2832,22.19493,80,0,0,969.9796,327.6924,0.01970364
6,end,True,176.4621,-195.696,22.43446,80,0,0,970.2023,328.1012,0.01649071
6,end,True,176.4363,-196.147,22.36365,80,0,0,970.4467,328.4616,0.03217649
6,end,True,176.4421,-196.7857,22.19814,80,0,0,970.6557,328.9907,0.04248421
6,end,True,176.3619,-197.6981,21.92687,80,0,0,970.8655,329.6977,0.05683289
6,end,True,175.6573,-200.6737,20.19397,80,0,0,971.0746,331.7243,0.3466729
6,end,True,172.4499,-210.5532,17.53391,80,0,0,971.285,338.3306,0.4956618
6,end,True,171.0417,-217.5736,19.32195,80,0,0,971.5168,343.7712,0.251283
6,end,True,169.709,-221.9739,20.48167,80,0,0,971.7442,346.9998,0.2101508
6,end,True,168.2527,-225.7024,22.67285,80,0,0,971.954,349.6812,0.3116881
6,end,True,167.4912,-227.6516,24.61589,80,0,0,972.1672,351.1534,0.1031845
6,end,True,167.8327,-227.569,25.63397,80,0,0,972.3773,351.317,0.05369008
6,end,True,168.7403,-225.2474,23.70161,80,0,0,972.5876,349.587,0.2761515
6,end,True,170.1204,-218.6439,18.20651,80,0,0,972.7926,344.181,0.505461
6,end,True,171.5569,-211.1238,11.6222,80,0,0,973.0084,338.1123,0.457444
6,end,True,171.5599,-205.7399,6.350218,80,0,0,973.2327,333.3473,0.2414912
6,end,True,171.6308,-205.652,3.291164,80,0,0,973.4536,333.2642,0.1296434
6,end,True,171.322,-209.8623,1.156005,80,0,0,973.6772,336.7087,0.2099565
6,end,True,174.0836,-214.3447,-1.889172,80,0,0,973.8997,341.9759,0.3154322
6,end,True,175.2413,-212.8515,-4.616919,80,0,0,974.1197,341.3105,0.1847402
6,end,True,175.6315,-210.5086,-4.505029,80,0,0,974.3386,339.5024,0.2250917
6,end,True,175.0602,-206.6345,-2.688468,80,0,0,974.5842,335.8759,0.2052917
6,end,True,177.1151,-202.6226,-2.246583,80,0,0,974.8494,333.5421,0.2402494
6,end,True,178.1145,-196.9897,-0.6180882,80,0,0,975.0732,329.3151,0.3021873
6,end,True,177.0497,-190.0399,3.440988,80,0,0,975.3365,322.9241,0.2344283
6,end,True,177.4645,-183.785,8.119265,80,0,0,975.6155,318.0285,0.2381942
6,end,True,177.2555,-181.0228,9.55545,80,0,0,975.8233,315.664,0.1478421
6,end,True,176.9643,-179.163,10.11328,80,0,0,976.0298,313.9811,0.08410423
6,end,True,176.7241,-177.6889,9.726113,80,0,0,976.239,312.6173,0.06436445
6,end,True,176.716,-176.81,9.218925,80,0,0,976.4477,311.8732,0.03682342
6,end,True,177.0732,-176.7045,9.378785,80,0,0,976.6572,311.9937,0.04560963
6,end,True,177.1481,-176.6415,10.21361,80,0,0,976.8649,312.0107,0.07565817
6,end,True,177.2131,-176.4799,10.64832,80,0,0,977.0737,311.9292,0.02159721
6,end,True,177.7367,-176.5796,10.44244,80,0,0,977.2842,312.3019,0.05093944
6,end,True,178.0925,-177.423,9.730953,80,0,0,977.4935,313.1744,0.0436033
6,end,True,178.3474,-178.4512,8.683366,80,0,0,977.7582,314.1341,0.08280195
6,end,True,178.5644,-179.5841,7.561988,80,0,0,977.9985,315.1609,0.0791488
6,end,True,178.7207,-180.728,6.742606,80,0,0,978.2234,316.1735,0.07569312
6,end,True,178.7584,-181.5512,6.215581,80,0,3.285694,978.4464,315.0212,0.03730771
6,Above_Eyes,True,178.7407,-182.1124,5.586442,80,0,22.21724,978.67,305.342,0.03036459
6,Above_Eyes,True,178.5241,-182.354,5.137625,80,0,49.65318,978.8934,292.3419,0.02606389
6,Above_Eyes,True,177.5095,-185.4928,1.969114,80,0,82.2663,979.1179,282.0666,0.4733468
6,Above_Eyes,True,174.5453,-196.5653,-0.04612207,80,0,116.3192,979.3421,282.6281,0.4783258
6,Above_Eyes,True,173.2387,-202.3555,1.248466,80,0,146.7828,979.543,283.595,0.202518
6,Above_Eyes,True,171.1572,-210.124,3.478274,80,0,172.8932,979.7562,290.1501,0.4377679
6,Above_Eyes,True,169.0133,-218.814,6.833206,80,0,187.3298,979.9688,299.4528,0.4309114
6,Above_Eyes,True,167.2112,-223.5891,9.832391,80,0,190,980.1797,304.6019,0.1673097
6,Above_Eyes,True,167.0153,-221.6443,12.34814,80,0,190,980.3876,302.7706,0.2288275
6,Above_Eyes,True,166.5201,-217.2559,13.15106,80,0,190,980.5963,298.4716,0.1691555
6,Above_Eyes,True,167.7263,-213.4448,15.3293,80,0,190,980.8047,294.6878,0.1984957
6,Above_Eyes,True,168.7272,-212.6208,18.47605,80,0,190,981.0136,293.9742,0.1895255
6,Above_Eyes,True,169.2929,-214.3792,22.33034,80,0,190,981.2225,295.9502,0.2426035
6,Above_Eyes,True,169.2287,-217.6402,26.57124,80,0,190,981.4279,299.5449,0.2702183
6,Above_Eyes,True,168.5073,-220.6629,29.73446,80,0,190,981.6377,302.8931,0.2056357
6,Above_Eyes,True,168.1434,-223.1754,31.01975,80,0,190,981.8469,305.5409,0.1025275
6,Above_Eyes,True,170.026,-223.8804,23.9453,80,0,190,982.0563,305.476,0.5598235
6,Above_Eyes,True,172.1241,-220.1111,14.76468,80,0,190,982.2596,301.0054,0.5144053
6,Above_Eyes,True,172.5154,-214.0299,2.04514,80,0,190,982.4769,294.5564,0.6857836
6,Above_Eyes,True,174.1418,-206.2321,-11.7942,80,0,190,982.6994,286.9136,0.666117
6,Above_Eyes,True,175.1863,-199.9314,-21.45268,80,0,190,982.9218,281.1427,0.4726344
6,Above_Eyes,True,177.7487,-189.0729,-23.63955,80,0,190,983.1416,270.387,0.6024706
6,Above_Eyes,True,179.9905,-187.4698,-12.72148,80,0,190,983.3601,267.9592,0.5554404
6,Above_Eyes,True,181.0904,-193.3066,-1.370326,80,0,190,983.6026,273.4553,0.4333759
6,Above_Eyes,True,183.4353,-196.5647,3.425825,80,0,190,983.8098,276.6638,0.1984905
6,Above_Eyes,True,183.5012,-195.2655,6.310809,80,0,190,984.0189,275.4146,0.1859802
6,Above_Eyes,True,182.3958,-187.899,11.99507,80,0,190,984.2294,268.2752,0.5914101
6,Above_Eyes,True,180.6636,-173.1235,23.34208,80,0,190,984.4379,254.3689,1.082579
6,Above_Eyes,True,179.5836,-153.3369,41.41716,80,0,190,984.6467,237.213,1.322748
6,Above_Eyes,True,181.8791,-136.3908,55.92321,80,0,190,984.8568,223.6478,0.9853974
6,Above_Eyes,True,179.9463,-118.7153,67.25509,80,0,190,985.0656,210.0288,1.144797
6,Above_Eyes,True,174.3881,-88.96866,79.90145,80,0,190,985.3189,187.559,1.059273
6,Above_Eyes,True,181.7366,-63.11936,87.69257,80,0,190,985.5582,168.0518,1.127123
6,Above_Eyes,True,179.7531,-37.42149,97.12211,80,0,190,985.7835,152.7269,1.282451
6,Above_Eyes,True,177.9767,-7.2335,111.512,80,0,190,986.0081,142.0886,1.538453
6,Above_Eyes,True,183.0237,19.46685,119.247,80,0,190,986.2333,133.9133,1.188407
6,Above_Eyes,True,179.0952,49.22521,122.1708,80,0,190,986.4578,126.4583,1.480286
6,Above_Eyes,True,178.4751,83.38635,117.8155,80,0,190,986.6843,118.4262,1.540019
6,Above_Eyes,True,183.1811,112.3571,114.9411,80,0,190,986.9067,119.6033,1.243075
6,Above_Eyes,True,177.7673,143.1936,111.4788,80,0,190,987.131,128.7268,1.538128
6,Above_Eyes,True,178.49,177.7282,110.1496,80,0,190,987.3692,147.7031,0.9247159
6,Above_Eyes,True,182.1441,202.4478,102.0685,80,0,190,987.5792,159.6031,1.260703
6,Above_Eyes,True,177.2358,227.1803,90.04005,80,0,190,987.7901,173.0092,1.459431
6,Above_Eyes,True,178.8327,250.4289,74.09619,80,0,190,988.0015,186.1746,1.177104
6,Above_Eyes,True,181.4745,272.1789,64.58458,80,0,190,988.2144,202.9201,1.130115
6,Above_Eyes,True,177.853,293.7784,57.7032,80,0,190,988.4252,221.762,1.057081
6,Above_Eyes,True,178.0129,314.1679,52.67075,80,0,190,988.6351,240.3176,0.9238231
6,Above_Eyes,True,179.9123,329.7377,43.80315,80,0,190,988.8446,253.7507,0.8181567
6,Above_Eyes,True,179.1366,343.0539,32.70654,80,0,190,989.0551,265.3019,0.7684289
6,Above_Eyes,True,180.2429,351.9498,24.24043,80,0,190,989.2788,273.2022,0.5685009
6,Above_Eyes,True,179.6453,351.9895,21.06513,80,0,190,989.5013,273.0005,0.143311
6,Above_Eyes,True,179.5623,348.7355,21.60381,80,0,190,989.7081,269.8045,0.2139747
6,Above_Eyes,True,180.1311,344.221,28.74054,80,0,190,989.9153,265.9627,0.5286082
6,Above_Eyes,True,180.812,334.1368,38.33474,80,0,190,990.1181,257.176,0.7273461
6,Above_Eyes,True,180.7685,324.323,48.48412,80,0,190,990.3247,249.2582,0.6395974
6,Above_Eyes,True,180.5538,316.8386,57.48271,80,0,190,990.5343,243.8976,0.4955311
6,Above_Eyes,True,180.2445,312.8881,64.6129,80,0,190,990.7424,241.8819,0.3086897
6,Above_Eyes,True,179.9879,312.1201,70.84364,80,0,190,990.9504,242.8967,0.3016907
6,Above_Eyes,True,179.2798,314.3228,76.89298,80,0,190,991.1603,246.8494,0.3341558
6,Above_Eyes,True,178.7588,318.6674,83.49041,80,0,190,991.3696,253.0991,0.422736
6,Above_Eyes,True,179.8214,323.9486,91.58181,80,0,190,991.5831,260.7715,0.473012
6,Above_Eyes,True,179.6741,327.4354,100.4506,80,0,190,991.7873,267.2475,0.4707357
6,Above_Eyes,True,179.3099,328.7519,111.8594,80,0,190,991.9976,272.9547,0.6282249
6,Above_Eyes,True,179.2619,328.4141,126.367,80,0,190,992.2087,278.9149,0.7251268
6,Above_Eyes,True,181.1764,327.7718,139.9229,80,0,190,992.4184,284.6878,0.601415
6,Above_Eyes,True,182.2581,328.979,149.8709,80,0,190,992.6288,290.7091,0.407983
6,Above_Eyes,True,182.1385,332.7864,155.3401,80,0,190,992.838,296.8052,0.3253471
6,Above_Eyes,True,181.2938,335.7797,155.7948,80,0,190,993.0481,299.6182,0.113474
6,Above_Eyes,True,181.197,336.8979,151.5359,80,0,190,993.2567,298.391,0.3519115
6,Above_Eyes,True,180.2989,335.6281,144.7936,80,0,190,993.4669,293.9473,0.2660671
6,Above_Eyes,True,179.4716,333.4506,143.1439,80,0,190,993.6703,291.2701,0.1222599
6,Above_Eyes,True,179.1791,330.6511,146.7872,80,0,190,993.8769,290.6708,0.2716757
6,Above_Eyes,True,178.7556,328.6727,153.5,80,0,190,994.0831,292.4497,0.3495421
6,Above_Eyes,True,177.94,326.5306,158.6348,80,0,190,994.2894,293.4072,0.2151559
6,Above_Eyes,True,177.2584,321.7724,160.6066,80,0,190,994.4965,290.5352,0.3456384
6,Above_Eyes,True,177.5866,312.3309,159.924,80,0,190,994.7305,282.3251,0.5059527
6,Above_Eyes,True,179.1174,286.525,157.3344,80,0,190,994.98,259.856,0.9698567
6,Above_Eyes,True,180.0726,264.6873,159.479,80,0,190,995.2283,244.2161,0.8780231
6,Above_Eyes,True,179.0851,250.8867,161.9713,80,0,190,995.4354,235.7034,0.6323279
6,Above_Eyes,True,180.1001,240.4426,161.9817,80,0,190,995.6437,228.2058,0.4615251
6,Above_Eyes,True,179.4788,235.0314,153.0909,80,0,190,995.8525,218.1336,0.6324291
6,Above_Eyes,True,178.0618,233.3556,145.7087,80,0,190,996.0569,211.8761,0.3516403
6,Above_Eyes,True,177.9835,226.0863,140.2473,80,0,190,996.2504,202.8668,0.5055025
6,Above_Eyes,True,179.9919,213.0528,137.4344,80,0,190,996.4597,191.55,0.6542495
6,Above_Eyes,True,181.1283,189.5636,136.7812,80,0,190,996.6813,175.4765,1.262938
6,Above_Eyes,True,181.2384,158.8288,140.82,80,0,190,996.8958,161.62,1.443227
6,Above_Eyes,True,183.2989,132.5226,141.8872,80,0,190,997.1482,151.4447,1.021683
6,Above_Eyes,True,179.1604,109.0346,137.56,80,0,190,997.356,141.008,1.313105
6,Above_Eyes,True,176.4323,81.9639,128.4914,80,0,190,997.5676,129.2207,1.355206
6,Above_Eyes,True,180.0348,60.07869,121.521,80,0,190,997.7753,123.5456,1.157437
6,Above_Eyes,True,177.2647,33.73249,111.8294,80,0,190,998.0281,121.691,1.518533
6,Above_Eyes,True,176.3965,6.322026,105.471,80,0,190,998.2527,129.374,1.235763
6,Above_Eyes,True,180.7604,-16.87117,97.07235,80,0,190,998.4766,137.4498,1.107446
6,Above_Eyes,True,177.558,-37.78257,84.37275,80,0,190,998.701,145.4177,1.148628
6,Above_Eyes,True,175.2807,-58.33881,66.49068,80,0,190,998.9265,154.1924,1.188069
6,Above_Eyes,True,178.7674,-75.46166,50.01283,80,0,190,999.1512,163.6942,1.012142
6,Above_Eyes,True,176.601,-92.68564,34.89003,80,0,190,999.3757,176.6838,1.103921
6,Above_Eyes,True,172.9985,-113.8586,18.31768,80,0,190,999.6008,195.4629,1.237917
6,Above_Eyes,True,175.8396,-132.7418,2.337909,80,0,190,999.8215,213.2254,1.047066
6,Above_Eyes,True,175.1877,-147.6209,-14.25396,80,0,190,1000.046,228.5472,1.037217
6,Above_Eyes,True,172.3104,-160.5443,-34.50006,80,0,190,1000.27,243.6488,1.143066
6,Above_Eyes,True,173.6406,-172.8824,-53.11205,80,0,190,1000.493,258.9171,0.8971018
6,Above_Eyes,True,173.3735,-186.2377,-67.01493,80,0,190,1000.722,275.0453,0.8923788
6,Above_Eyes,True,169.1289,-200.0382,-80.2898,80,0,190,1000.914,292.0676,0.817291
6,Above_Eyes,True,165.5364,-217.7448,-93.87704,80,0,190,1001.124,313.1506,1.033949
6,Above_Eyes,True,161.9325,-229.5252,-105.4171,80,0,190,1001.338,328.1865,0.6205497
6,Above_Eyes,True,159.436,-234.6083,-111.8363,80,0,190,1001.542,335.2908,0.2228459
6,Above_Eyes,True,159.1257,-236.1896,-114.8611,80,0,190,1001.754,337.8197,0.2140828
6,Above_Eyes,True,154.8629,-239.688,-118.3165,80,0,190,1001.96,342.6862,0.3318333
6,Above_Eyes,True,152.3857,-242.5741,-120.7385,80,0,190,1002.171,346.4775,0.1489306
6,Above_Eyes,True,152.9132,-243.7399,-120.2934,80,0,190,1002.378,347.3521,0.07339887
6,Above_Eyes,True,154.8358,-242.2765,-116.1409,80,0,190,1002.589,344.3651,0.355517
6,Above_Eyes,True,159.0918,-238.847,-105.8238,80,0,190,1002.8,337.3683,0.627655
6,Above_Eyes,True,163.5571,-228.2431,-96.64066,80,0,190,1003.007,324.118,0.7515848
6,Above_Eyes,True,165.8367,-209.3671,-90.21352,80,0,190,1003.26,304.0652,0.7941065
6,Above_Eyes,True,170.2664,-197.9782,-83.99982,80,0,190,1003.481,291.0623,0.6123341
6,Above_Eyes,True,172.805,-190.2802,-74.69071,80,0,190,1003.7,280.9373,0.5946845
6,Above_Eyes,True,172.806,-185.3747,-60.93116,80,0,190,1003.923,272.8223,0.7370071
6,Above_Eyes,True,172.9697,-181.5144,-44.09885,80,0,190,1004.148,265.7528,0.6499388
6,Above_Eyes,True,174.0709,-180.1901,-33.10579,80,0,190,1004.373,262.771,0.4460941
6,Above_Eyes,True,172.9447,-184.6792,-24.13417,80,0,190,1004.596,266.3239,0.5025944
6,Above_Eyes,True,170.5106,-193.4307,-14.47941,80,0,190,1004.819,274.5065,0.7425888
6,Above_Eyes,True,171.282,-203.9291,-3.873527,80,0,190,1005.043,284.5718,0.6314465
6,Above_Eyes,True,171.4515,-211.4062,5.224714,80,0,190,1005.268,292.0426,0.4622205
6,Above_Eyes,True,169.1098,-217.5078,15.06735,80,0,190,1005.495,298.6207,0.4901018
6,Above_Eyes,True,167.7417,-224.0782,26.58995,80,0,190,1005.708,306.0491,0.6268136
6,Above_Eyes,True,167.897,-231.8976,34.75763,80,0,190,1005.918,314.6057,0.5277638
6,Above_Eyes,True,169.673,-234.27,39.86055,80,0,190,1006.13,317.4392,0.2049295
6,Above_Eyes,True,170.5342,-235.3138,41.76635,80,0,190,1006.341,318.6631,0.05622913
6,Above_Eyes,True,171.0947,-234.8245,40.41261,80,0,190,1006.55,317.9702,0.1214481
6,Above_Eyes,True,171.0658,-233.9436,38.42334,80,0,190,1006.759,316.8524,0.1095665
6,Above_Eyes,True,171.0703,-233.5192,36.64762,80,0,190,1006.966,316.2209,0.07701518
6,Above_Eyes,True,171.3456,-233.1814,35.10875,80,0,190,1007.177,315.6947,0.07243986
6,Above_Eyes,True,171.3413,-232.882,34.14317,80,0,190,1007.384,315.2921,0.04677188
6,Above_Eyes,True,171.188,-233.1806,33.36483,80,0,190,1007.593,315.5142,0.02239433
6,Above_Eyes,True,171.2364,-233.4535,32.63604,80,0,190,1007.802,315.706,0.04411702
6,Above_Eyes,True,171.0382,-233.7996,31.61632,80,0,190,1008.01,315.9578,0.04585279
6,Above_Eyes,True,170.8981,-233.5864,30.38408,80,0,190,1008.218,315.6335,0.07575043
6,Above_Eyes,True,170.9778,-232.7132,28.96236,80,0,190,1008.427,314.6271,0.08976705
6,Above_Eyes,True,170.9585,-231.451,27.48018,80,0,190,1008.635,313.2402,0.1011794
6,Above_Eyes,True,170.6733,-230.5077,25.99078,80,0,190,1008.844,312.1923,0.08803364
6,Above_Eyes,True,170.1654,-230.2168,24.16268,80,0,190,1009.052,311.7879,0.1041153
6,Above_Eyes,True,169.2589,-230.3184,21.81896,80,0,190,1009.262,311.7752,0.1171514
6,Above_Eyes,True,168.6743,-230.115,19.24756,80,0,190,1009.47,311.4427,0.1312994
6,Above_Eyes,True,168.1599,-228.9074,16.69713,80,0,190,1009.68,310.1283,0.1385055
6,Above_Eyes,True,167.7553,-229.8589,13.71222,80,0,190,1009.888,310.9588,0.1827582
6,Above_Eyes,True,168.5157,-233.6282,10.49682,80,0,190,1010.098,314.5384,0.2630427
6,Above_Eyes,True,170.791,-235.3714,7.725677,80,0,190,1010.304,316.0504,0.1687418
6,Above_Eyes,True,174.9409,-231.1369,4.199441,80,0,190,1010.522,311.5294,0.5452889
6,Above_Eyes,True,178.5314,-223.7171,3.595266,80,0,190,1010.736,303.9548,0.3791557
6,Above_Eyes,True,180.1885,-215.8908,7.016765,80,0,190,1010.955,296.1366,0.2970427
6,Above_Eyes,True,181.3743,-210.5321,10.22114,80,0,190,1011.213,290.8398,0.2058186
6,Above_Eyes,True,182.0136,-208.041,12.47297,80,0,190,1011.418,288.4215,0.1235548
6,Above_Eyes,True,182.0779,-206.5001,14.34926,80,0,190,1011.627,286.9685,0.120294
6,Above_Eyes,True,182.574,-204.6386,15.92189,80,0,190,1011.835,285.1803,0.1257908
6,Above_Eyes,True,183.0241,-202.931,17.17338,80,0,190,1012.046,283.5375,0.1076468
6,Above_Eyes,True,183.1472,-201.1625,18.18587,80,0,190,1012.286,281.8334,0.07925412
6,Above_Eyes,True,183.2697,-199.685,19.0386,80,0,190,1012.51,280.4131,0.06632469
6,Above_Eyes,True,183.3412,-198.8257,19.84798,80,0,190,1012.734,279.6106,0.05656366
6,Above_Eyes,True,183.3384,-198.0667,20.45912,80,0,190,1012.956,278.8979,0.03568288
6,Above_Eyes,True,183.4186,-197.4181,20.66049,80,0,181.5025,1013.179,278.193,0.02440226
6,end,True,183.0247,-196.8645,20.45404,80,0,154.6388,1013.402,279.0665,0.03723874
6,end,True,181.7137,-195.7399,20.16472,80,0,118.7474,1013.623,283.5558,0.1173728
6,end,True,180.3838,-193.928,19.76928,80,0,80.21638,1013.846,292.3369,0.1081862
6,end,True,179.1558,-192.4711,19.75443,80,0,43.13071,1014.081,305.1779,0.09856861
6,end,True,178.8594,-191.4589,19.96609,80,0,17.44826,1014.289,316.4524,0.04548908
6,end,True,178.5034,-190.708,20.52638,80,0,0.2530217,1014.541,324.7728,0.05263392
6,end,True,178.3715,-190.3593,20.81474,80,0,0,1014.778,324.5671,0.01385735
6,end,True,178.3862,-189.8628,21.31759,80,0,0,1015.029,324.1944,0.03772709
6,end,True,178.171,-189.2738,21.73168,80,0,0,1015.253,323.6133,0.03653298
6,end,True,177.946,-188.812,22.4467,80,0,0,1015.512,323.1541,0.03387053
6,end,True,177.7654,-188.4308,23.33037,80,0,0,1015.72,322.8002,0.05912535
6,end,True,177.7167,-188.2468,24.05278,80,0,0,1015.929,322.6733,0.01379811
6,end,True,175.7033,-194.1752,17.64695,80,0,0,1016.14,326.1213,0.6048957
6,end,True,173.3394,-201.888,17.98924,80,0,0,1016.385,331.4076,0.2978696
6,end,True,171.1312,-205.9691,18.86984,80,0,0,1016.614,333.7968,0.1918956
6,end,True,170.3742,-209.2098,18.85911,80,0,0,1016.839,336.1924,0.1730005
6,end,True,170.2206,-213.3938,18.61769,80,0,0,1017.052,339.7081,0.2355554
6,end,True,169.8813,-219.4467,18.1904,80,0,0,1017.262,344.7591,0.3317771
6,end,True,169.7998,-226.7338,16.90932,80,0,0,1017.474,351.0036,0.3367597
6,end,True,169.5833,-231.9485,16.34747,80,0,0,1017.684,355.4399,0.07498247
6,end,True,173.3327,-226.4972,10.13537,80,0,0,1017.892,352.2605,0.7043037
6,end,True,177.6767,-206.949,9.097089,80,0,0,1018.127,337.6263,0.7466573
6,end,True,178.1288,-193.347,14.23196,80,0,0,1018.353,326.5746,0.7329362
6,end,True,177.3814,-185.1601,19.16539,80,0,0,1018.606,319.5956,0.2530485
6,end,True,177.2539,-181.275,23.41205,80,0,0,1018.871,316.5939,0.183546
6,end,True,177.5589,-181.0982,25.87997,80,0,0,1019.077,316.811,0.1134907
6,end,True,178.467,-182.3639,27.32483,80,0,0,1019.274,318.4838,0.08874345
6,end,True,179.1006,-184.8132,28.43327,80,0,0,1019.51,320.954,0.1100001
6,end,True,179.6342,-186.3304,28.61215,80,0,0,1019.734,322.5197,0.0629895
6,end,True,179.5051,-186.7094,28.3857,80,0,0,1019.958,322.741,0.04082334
6,end,True,179.4081,-186.348,27.69233,80,0,0,1020.181,322.328,0.04001579
6,end,True,179.1839,-185.572,26.96792,80,0,0,1020.404,321.5006,0.05463308
6,end,True,178.8711,-185.188,26.40301,80.00001,0,0.3723633,1020.639,320.7547,0.03431509
6,Below_Eyes,True,178.9018,-184.9197,26.08825,80,0,23.94672,1020.864,308.0164,0.0104485
6,Below_Eyes,True,178.9477,-184.8586,25.96954,80,0,59.35241,1021.086,291.7662,0.01901707
6,Below_Eyes,True,179.0599,-184.8925,26.08479,80,0,92.37291,1021.309,279.9341,0.007903076
6,Below_Eyes,True,178.9961,-185.6629,25.66327,80,0,109.7151,1021.533,275.7448,0.07534727
6,Below_Eyes,True,178.7374,-187.5419,23.33066,80,0,110,1021.756,277.2144,0.4558201
6,Below_Eyes,True,173.8246,-200.2625,17.54891,80,0,110,1021.983,287.9733,0.4808261
6,Below_Eyes,True,172.25,-205.6006,18.77622,80,0,110,1022.173,292.9083,0.2350293
6,Below_Eyes,True,170.6375,-208.2886,21.14125,80,0,110,1022.387,295.3543,0.1626626
6,Below_Eyes,True,169.2301,-209.8269,23.60166,80,0,110,1022.594,296.7573,0.1341081
6,Below_Eyes,True,168.3866,-211.7233,25.42416,80,0,110,1022.804,298.5931,0.1429128
6,Below_Eyes,True,168.2949,-215.0815,27.15613,80,0,110,1023.014,302.0081,0.2025215
6,Below_Eyes,True,167.8369,-219.0506,28.32755,80,0,110,1023.225,305.9066,0.1799292
6,Below_Eyes,True,168.1372,-222.4496,29.79425,80,0,110,1023.433,309.4243,0.1756701
6,Below_Eyes,True,168.4056,-224.7889,31.07284,80,0,110,1023.644,311.8862,0.1000197
6,Below_Eyes,True,168.6212,-225.6644,32.04959,80,0,110,1023.851,312.8807,0.0452236
6,Below_Eyes,True,168.8663,-224.9968,32.49725,80,0,110,1024.061,312.3209,0.0456111
6,Below_Eyes,True,171.1765,-222.4585,27.63826,80,0,110,1024.268,309.8186,0.4625544
6,Below_Eyes,True,173.9337,-215.3091,22.45845,80,0,110,1024.486,302.9841,0.5268861
6,Below_Eyes,True,175.2839,-208.7809,18.8454,80,0,110,1024.702,296.6674,0.3188542
6,Below_Eyes,True,176.9859,-197.0501,15.95575,80,0,110,1024.924,285.4794,0.6568022
6,Below_Eyes,True,180.124,-190.1644,25.46708,80,0,110,1025.141,280.2762,0.4765265
6,Below_Eyes,True,182.3918,-193.4642,34.69955,80,0,110,1025.384,285.0041,0.3798444
6,Below_Eyes,True,182.4848,-195.5852,39.88764,80,0,110,1025.591,287.7365,0.2566279
6,Below_Eyes,True,182.175,-192.7229,46.48563,80,0,110,1025.799,285.9159,0.4432464
6,Below_Eyes,True,181.6061,-183.5225,56.33618,80,0,110,1026.008,278.8285,0.7640143
6,Below_Eyes,True,180.1725,-168.5037,68.25104,80,0,110,1026.219,267.0889,0.8980834
6,Below_Eyes,True,176.3101,-165.1626,65.41885,80,0,110,1026.416,262.262,0.4006785
6,Below_Eyes,True,175.1763,-159.7479,69.79095,80,0,110,1026.645,258.0655,0.2806564
6,Below_Eyes,True,172.3475,-154.859,70.26862,80,0,110,1026.871,252.9498,0.2439113
6,Below_Eyes,True,172.8325,-148.616,77.47173,80,0,110,1027.095,249.4295,0.5715634
6,Below_Eyes,True,172.9172,-139.8548,89.1874,80,0,110,1027.319,245.457,0.6898678
6,Below_Eyes,True,174.2868,-134.9256,96.74995,80,0,110,1027.542,244.3079,0.276768
6,Below_Eyes,True,175.2095,-136.6904,99.43996,80,0,110,1027.765,247.1747,0.1765178
6,Below_Eyes,True,175.1135,-138.6894,96.98425,80,0,110,1027.986,247.933,0.2107286
6,Below_Eyes,True,177.5287,-122.7556,92.09621,80,0,110,1028.209,232.7052,1.171399
6,Below_Eyes,True,180.6279,-101.5824,102.6603,80,0,110,1028.439,220.2263,0.8716525
6,Below_Eyes,True,180.0866,-77.84753,115.6864,80,0,110,1028.687,207.8733,1.002998
6,Below_Eyes,True,180.3271,-55.49456,125.736,80,0,110,1028.938,197.7732,0.8831555
6,Below_Eyes,True,179.1676,-33.57166,130.1752,80,0,110,1029.163,186.0867,1.072695
6,Below_Eyes,True,175.4845,-6.763577,129.876,80,0,110,1029.387,169.3633,1.389171
6,Below_Eyes,True,179.4509,20.09852,125.994,80,0,110,1029.611,155.84,1.155156
6,Below_Eyes,True,182.8041,44.15362,124.3428,80,0,110,1029.836,148.4807,1.169237
6,Below_Eyes,True,178.2183,74.58141,125.4744,80,0,110,1030.063,142.9228,1.517956
6,Below_Eyes,True,180.7599,105.1497,129.3312,80,0,110,1030.288,149.5528,1.171515
6,Below_Eyes,True,182.6054,130.6612,125.1125,80,0,110,1030.514,153.2685,1.180256
6,Below_Eyes,True,177.8294,154.7705,117.6812,80,0,110,1030.709,155.0494,1.364004
6,Below_Eyes,True,179.1551,182.2453,105.7554,80,0,110,1030.933,162.5446,1.241047
6,Below_Eyes,True,182.0424,206.5829,96.22398,80,0,110,1031.156,174.5634,1.116758
6,Below_Eyes,True,177.6981,230.7445,87.87903,80,0,110,1031.367,187.1621,1.307212
6,Below_Eyes,True,178.9113,256.7957,82.29073,80,0,110,1031.579,206.8266,1.085767
6,Below_Eyes,True,182.092,276.0173,74.41629,80,0,110,1031.791,221.7156,1.002387
6,Below_Eyes,True,179.3397,296.1232,65.27165,80,0,110,1032.003,236.1729,1.087483
6,Below_Eyes,True,177.6008,317.3076,51.16266,80,0,110,1032.212,251.9968,1.269663
6,Below_Eyes,True,180.3734,333.2555,41.25308,80,0,110,1032.423,266.0688,0.6652867
6,Below_Eyes,True,181.1056,342.1484,39.18341,80,0,110,1032.632,274.4324,0.1941548
6,Below_Eyes,True,181.5101,345.6489,41.71594,80,0,110,1032.857,278.2504,0.1858595
6,Below_Eyes,True,181.415,345.5565,49.80653,80,0,110,1033.092,279.4656,0.8039575
6,Below_Eyes,True,181.4825,339.7761,58.52164,80,0,110,1033.293,275.7139,0.5323185
6,Below_Eyes,True,180.5862,331.6017,66.88885,80,0,110,1033.499,269.7406,0.647123
6,Below_Eyes,True,179.8654,322.3222,77.64191,80,0,110,1033.708,263.874,0.6411511
6,Below_Eyes,True,179.1439,315.6634,87.66698,80,0,110,1033.915,260.7751,0.4967206
6,Below_Eyes,True,179.1065,312.1299,97.33819,80,0,110,1034.124,261.0263,0.5169646
6,Below_Eyes,True,177.534,312.4268,109.0175,80,0,110,1034.334,265.4578,0.6218265
6,Below_Eyes,True,174.997,316.3539,121.3862,80,0,110,1034.544,273.5368,0.6140676
6,Below_Eyes,True,176.656,320.3184,130.6952,80,0,110,1034.753,281.562,0.4767419
6,Below_Eyes,True,177.931,322.7524,135.9044,80,0,110,1034.964,286.3798,0.2146019
6,Below_Eyes,True,177.9105,321.9836,142.213,80,0,110,1035.175,288.7775,0.3878833
6,Below_Eyes,True,178.3925,319.949,153.0875,80,0,110,1035.381,292.7266,0.6298344
6,Below_Eyes,True,179.204,322.6938,166.223,80,0,110,1035.588,302.1913,0.7334442
6,Below_Eyes,True,179.0401,326.2549,175.3431,80,0,110,1035.803,310.0858,0.31398
6,Below_Eyes,True,177.8659,331.3151,177.6486,80,0,110,1036.011,315.1572,0.2874259
6,Below_Eyes,True,177.8619,337.8754,175.4338,80,0,110,1036.221,319.1896,0.4345506
6,Below_Eyes,True,178.1846,344.7206,173.5712,80,0,110,1036.431,323.8102,0.3076001
6,Below_Eyes,True,178.0304,348.3824,173.6852,80,0,110,1036.64,326.8391,0.09757173
6,Below_Eyes,True,178.195,347.5539,176.2179,80,0,110,1036.849,327.549,0.2049954
6,Below_Eyes,True,178.0979,345.0521,181.7909,80,0,110,1037.058,328.539,0.3375473
6,Below_Eyes,True,178.0243,341.9515,188.5488,80,0,110,1037.265,329.8432,0.3755686
6,Below_Eyes,True,178.5994,335.8284,192.0513,80,0,110,1037.472,327.1663,0.4506593
6,Below_Eyes,True,180.4864,321.3146,192.074,80,0,110,1037.685,316.3756,1.072644
6,Below_Eyes,True,180.8669,305.4645,193.9826,80,0,110,1037.904,305.7542,0.8291221
6,Below_Eyes,True,180.1497,285.0428,194.9244,80,0,110,1038.179,291.4774,0.771911
6,Below_Eyes,True,179.7948,270.477,194.0438,80,0,110,1038.386,280.7237,0.6746239
6,Below_Eyes,True,180.0662,256.8945,189.774,80,0,110,1038.595,268.7287,0.7506627
6,Below_Eyes,True,176.7367,241.2736,181.2471,80,0,110,1038.804,251.6217,0.9226145
6,Below_Eyes,True,177.1503,223.8264,170.0977,80,0,110,1039.012,232.6552,1.040144
6,Below_Eyes,True,180.387,206.2139,163.818,80,0,110,1039.221,218.4505,0.9209154
6,Below_Eyes,True,178.3575,183.7174,160.7057,80,0,110,1039.43,203.1167,1.244115
6,Below_Eyes,True,176.6751,154.4404,161.0503,80,0,110,1039.639,189.5366,1.40718
6,Below_Eyes,True,180.6029,129.302,158.9864,80,0,110,1039.847,180.8097,1.091687
6,Below_Eyes,True,178.3446,106.2911,150.817,80,0,110,1040.057,167.6543,1.254328
6,Below_Eyes,True,174.006,81.67474,136.4068,80,0,110,1040.267,150.6864,1.43003
6,Below_Eyes,True,178.0823,60.36541,125.0574,80,0,110,1040.476,143.7361,1.084768
6,Below_Eyes,True,178.7367,39.57756,114.9892,80,0,110,1040.684,139.9329,1.202651
6,Below_Eyes,True,174.9933,11.14113,103.1291,80,0,110,1040.926,140.0046,1.284599
6,Below_Eyes,True,179.0251,-12.73758,92.87209,80,0,110,1041.15,148.2901,1.100918
6,Below_Eyes,True,178.7078,-32.45564,77.24711,80,0,110,1041.373,152.7552,1.186461
6,Below_Eyes,True,174.8029,-51.44849,56.03415,80,0,110,1041.597,156.9011,1.349523
6,Below_Eyes,True,177.0365,-67.30883,35.15838,80,0,110,1041.822,165.6197,1.101977
6,Below_Eyes,True,176.9088,-85.1817,18.41748,80,0,110,1042.047,179.1675,1.198609
6,Below_Eyes,True,171.7953,-107.7898,1.181078,80,0,110,1042.272,197.6995,1.364062
6,Below_Eyes,True,174.9554,-128.4808,-15.20177,80,0,110,1042.495,218.8939,1.017586
6,Below_Eyes,True,174.8891,-144.9216,-33.70482,80,0,110,1042.718,236.5087,1.219105
6,Below_Eyes,True,171.2529,-158.9935,-56.73942,80,0,110,1042.942,253.1584,1.260214
6,Below_Eyes,True,172.782,-171.2909,-73.7185,80,0,110,1043.155,269.3012,0.6598737
6,Below_Eyes,True,171.7572,-186.2005,-88.24175,80,0,110,1043.377,287.1642,0.9743488
6,Below_Eyes,True,167.4663,-202.7317,-99.49143,80,0,110,1043.589,305.1854,0.9201996
6,Below_Eyes,True,166.6647,-220.2794,-108.3697,80,0,110,1043.797,324.2262,1.052588
6,Below_Eyes,True,164.1113,-232.3311,-115.8631,80,0,110,1044.009,337.4952,0.5917769
6,Below_Eyes,True,160.3738,-238.1084,-121.3292,80,0,110,1044.218,344.1674,0.3566235
6,Below_Eyes,True,158.5276,-238.9904,-124.9804,80,0,110,1044.429,346.0201,0.1818359
6,Below_Eyes,True,159.0552,-236.4019,-126.9939,80,0,110,1044.638,344.4474,0.1832577
6,Below_Eyes,True,159.8241,-233.6439,-127.1436,80,0,110,1044.848,342.0825,0.1067357
6,Below_Eyes,True,162.3331,-230.1704,-126.8406,80,0,110,1045.055,339.1651,0.2403455
6,Below_Eyes,True,165.8713,-224.8573,-124.809,80,0,110,1045.262,334.121,0.3468633
6,Below_Eyes,True,169.5051,-216.6516,-123.5509,80,0,110,1045.514,326.8147,0.3568805
6,Below_Eyes,True,172.1271,-209.2089,-121.0004,80,0,110,1045.73,319.5977,0.3901926
6,Below_Eyes,True,173.463,-200.7668,-114.2397,80,0,110,1045.965,309.6906,0.520388
6,Below_Eyes,True,175.4431,-191.4837,-103.3775,80,0,110,1046.242,297.7803,0.526857
6,Below_Eyes,True,176.3872,-182.8142,-95.33789,80,0,110,1046.45,287.3463,0.6616054
6,Below_Eyes,True,178.79,-173.8923,-89.05491,80,0,110,1046.676,277.7123,0.3601882
6,Below_Eyes,True,179.128,-170.3812,-86.20631,80,0,110,1046.899,273.6804,0.1153678
6,Below_Eyes,True,178.6693,-177.2463,-73.75352,80,0,110,1047.171,276.2802,0.6625115
6,Below_Eyes,True,180.2772,-183.4468,-62.50489,80,0,110,1047.38,279.7319,0.5900188
6,Below_Eyes,True,181.4282,-185.7765,-54.14543,80,0,110,1047.59,280.4833,0.3639121
6,Below_Eyes,True,180.6059,-185.9707,-45.16719,80,0,110,1047.8,278.865,0.410917
6,Below_Eyes,True,179.086,-183.1261,-35.56999,80,0,110,1048.008,274.3601,0.4911216
6,Below_Eyes,True,180.6748,-177.7369,-27.48154,80,0,110,1048.219,268.6605,0.469558
6,Below_Eyes,True,180.728,-173.3771,-20.24881,80,0,110,1048.457,263.8417,0.2969959
6,Below_Eyes,True,180.7686,-172.8528,-14.49343,80,0,110,1048.683,262.9692,0.2826642
6,Below_Eyes,True,181.0208,-174.6874,-8.992749,80,0,110,1048.905,264.5572,0.2569745
6,Below_Eyes,True,181.5578,-177.5286,-4.592138,80,0,110,1049.128,267.3249,0.2160792
6,Below_Eyes,True,181.6848,-180.1135,-2.762661,80,0,109.9422,1049.351,269.8401,0.1036584
6,end,True,181.5795,-181.754,-2.738008,80,0,94.8938,1049.572,275.7482,0.06144349
6,end,True,181.3943,-182.6094,-2.53447,80,0,65.9445,1049.795,286.8777,0.03195794
6,end,True,181.0694,-182.9016,-1.758304,80,0,33.63835,1050.017,301.4237,0.05499719
6,end,True,180.463,-182.7639,-0.8097559,80,0,8.363092,1050.239,314.1081,0.06619574
6,end,True,179.6502,-182.3145,0.6676346,80,0,0,1050.462,317.9364,0.07643079
6,end,True,178.9339,-182.3997,2.546224,80,0,0,1050.739,317.6121,0.0604591
6,end,True,178.6346,-182.9126,3.522459,80,0,0,1050.948,317.877,0.04428381
6,end,True,178.9458,-183.5447,4.103312,80,0,0,1051.156,318.5816,0.04769168
6,end,True,178.8338,-184.4004,4.456267,80,0,0,1051.352,319.2318,0.03444601
6,end,True,178.7512,-185.4148,4.36109,80,0,0,1051.629,320.025,0.03068367
6,end,True,178.6011,-186.3018,4.276863,80,0,0,1051.895,320.6763,0.03505819
6,end,True,178.4795,-186.8734,4.111472,80,0,0,1052.158,321.0814,0.01985346
6,end,True,178.5366,-186.9772,4.2281,80,0,0,1052.364,321.2009,0.01384669
6,end,True,178.566,-187.1559,4.396525,80,0,0,1052.572,321.368,0.0147471
6,end,True,178.5546,-187.2373,5.098453,80,0,0,1052.781,321.4398,0.03880029
6,end,True,178.4165,-187.196,5.993068,80,0,0,1052.99,321.3441,0.04911209
6,end,True,177.8573,-185.4849,7.530919,80,0,0,1053.199,319.6438,0.1916693
6,end,True,177.2386,-180.4804,7.700673,80,0,0,1053.407,315.1553,0.3189121
6,end,True,177.5573,-173.6684,3.811377,80,0,0,1053.617,309.6591,0.4331154
6,end,True,175.2415,-170.066,-0.7212281,80,0,0,1053.828,305.3574,0.2317588
6,end,True,174.9482,-171.7083,-0.8815408,80,0,0,1054.026,306.5366,0.1685228
6,end,True,173.9546,-175.0823,8.291453,80,0,0,1054.278,308.8623,0.3944606
6,end,True,172.1279,-176.3902,18.30394,80,0,0,1054.505,309.3525,0.417
6,end,True,173.1169,-179.5355,24.69868,80,0,0,1054.731,312.9507,0.3441367
6,end,True,173.1343,-183.8209,28.33761,80,0,0,1054.953,316.828,0.2691121
6,end,True,173.4856,-190.1604,30.14542,80,0,0,1055.178,322.4789,0.3448412
6,end,True,173.8074,-197.8445,31.03107,80,0,0,1055.402,329.1953,0.3551017
6,end,True,173.7191,-206.9377,30.0759,80,0,0,1055.627,336.7731,0.5274653
6,end,True,180.2123,-214.7464,28.09735,80,0,0,1055.854,346.6142,0.5495445
6,end,True,189.951,-217.0182,26.57958,80,0,0,1056.069,353.5642,0.4967714
6,end,True,193.8801,-214.4101,22.0492,80,0,0,1056.28,353.2039,0.3216448
6,end,True,182.0658,-211.63,16.52645,80,0,0,1056.489,344.1935,0.8437374
6,end,True,161.2587,-208.2998,13.81489,80,0,0,1056.696,330.6236,1.016955
6,end,True,137.6526,-204.001,15.93703,80,0,0,1056.903,316.0044,1.005542
6,end,True,116.9048,-207.6387,24.81703,80,0,0,1057.108,311.4782,1.138545
6,end,True,101.9523,-227.866,43.06685,80,0,0,1057.363,327.1552,1.376095
6,end,True,92.9351,-251.6757,60.85056,80,0,0,1057.58,349.7835,1.404269
6,end,True,87.34209,-268.7694,72.38896,80,0,0,1057.811,366.7546,0.4404068
6,end,True,84.19564,-272.5744,74.4662,80,0,0,1058.038,370.0579,0.09032497
6,end,True,81.78465,-269.6249,74.73689,80,0,0,1058.247,366.7587,0.1964269
6,end,True,81.30296,-265.0197,75.72755,80,0,0,1058.471,362.4685,0.3164767
6,end,True,79.32545,-263.7525,76.42258,80,0,0,1058.714,360.9692,0.2170185
6,end,True,77.85454,-261.6842,76.78131,80,0,0,1058.937,358.7545,0.1784274
6,end,True,77.04529,-260.9077,77.26156,80,0,0,1059.163,357.9433,0.04608065
6,end,True,76.60897,-260.2691,77.57848,80,0,0,1059.388,357.31,0.04902
6,end,True,76.47283,-260.0367,77.49371,80,0,0,1059.609,357.0411,0.03136887
6,end,True,76.44872,-259.8757,77.58354,80,0,0,1059.832,356.9021,0.04456905
6,end,True,76.44501,-259.971,77.49957,80,0,0,1060.053,356.9738,0.01367952
6,end,True,76.36887,-260.0862,77.52012,80,0,0,1060.278,357.0717,0.006470001
6,end,True,76.32626,-260.214,77.41319,80,0,0,1060.499,357.1611,0.003489653
6,end,True,76.35523,-260.1821,77.40858,80,0,0,1060.723,357.136,0.007040701
6,end,True,76.43987,-260.1383,77.34798,80,0,0,1060.946,357.0992,0.003561255
6,end,True,76.46643,-260.1007,77.41614,80,0,0,1061.167,357.0838,0.009916172
6,end,True,76.44243,-260.0988,77.52849,80,0,0,1061.39,357.1012,0.006438938
6,end,True,76.37473,-260.128,77.55106,80,0,0,1061.614,357.1194,0.004767202
6,end,True,76.28925,-260.2482,77.46658,80,0,0,1061.837,357.1974,0.004764926
6,end,True,76.22095,-260.2806,77.49479,80,0,0,1062.059,357.2198,0.00446794
6,end,True,76.22409,-260.2655,77.48907,80,0,0,1062.282,357.2048,0.006890511
6,end,True,76.14834,-260.2903,77.5202,80,0,0,1062.505,357.2191,0.004404806
6,end,True,76.17732,-260.3038,77.49167,80,0,0,1062.727,357.2318,0.004966011
6,end,True,76.20152,-260.2381,77.54034,80,0,0,1062.949,357.185,0.01157415
6,end,True,76.20227,-260.2942,77.57671,80,0,0,1063.174,357.2465,0.002165926
6,end,True,76.21239,-260.2817,77.5998,80,0,0,1063.395,357.2418,0.004766066
6,end,True,76.20248,-260.2359,77.53527,80,0,0,1063.619,357.182,0.004410851
6,end,True,76.21507,-260.2844,77.55207,80,0,0,1063.839,357.2345,0.006395146
6,end,True,76.16663,-260.2726,77.52408,80,0,0,1064.064,357.2069,0.006255243
6,end,True,76.16783,-260.308,77.51514,80,0,0,1064.286,357.239,0.001174523
6,end,True,76.15202,-260.2742,77.49837,80,0,0,1064.51,357.1998,0.00195071
6,end,True,76.16675,-260.2486,77.51517,80,0,0,1064.733,357.1821,0.005578605
6,end,True,76.16935,-260.2201,77.5177,80,0,0,1064.954,357.156,0.004086067
6,end,True,76.14715,-260.2017,77.45853,80,0,0,1065.178,357.121,0.001242878
6,end,True,76.14534,-260.2635,77.45497,80,0,0,1065.4,357.1787,0.003455818
6,end,True,76.12915,-260.1808,77.44398,80,0,0,1065.623,357.0941,0.004031801
6,end,True,76.17853,-260.1971,77.49998,80,0,0,1065.846,357.1323,0.004386173
6,end,True,76.16162,-260.1937,77.47235,80,0,0,1066.069,357.1194,0.003162679
6,end,True,76.19212,-260.2183,77.51984,80,0,0,1066.291,357.1597,0.001611792
6,end,True,76.18309,-260.2749,77.48837,80,0,0,1066.513,357.2048,0.005650547
6,end,True,76.14919,-260.2778,77.47849,80,0,0,1066.737,357.1983,0.003400842
6,end,True,76.1681,-260.2628,77.55922,80,0,0,1066.959,357.2055,0.003705176
6,end,True,76.14001,-260.2465,77.59632,80,0,0,1067.183,357.192,0.006429892
6,end,True,76.24637,-260.1686,77.47379,80,0,0,1067.405,357.1139,0.008752408
6,end,True,76.33875,-260.1512,77.44186,80,0,0,1067.627,357.1102,0.002820505
6,end,True,76.3275,-260.1589,77.47153,80,0,0,1067.85,357.1216,0.00618578
6,end,True,76.33585,-260.1995,77.49831,80,0,0,1068.074,357.1678,0.01089612
6,end,True,76.31758,-260.2286,77.55447,80,0,0,1068.297,357.2038,0.006255188
6,end,True,76.31963,-260.1737,77.57049,80,0,0,1068.519,357.1555,0.006840562
6,end,True,76.3421,-260.1758,77.5714,80,0,0,1068.742,357.1625,0.009272698
6,end,True,76.34305,-260.2245,