id,height_condition,social_framing,participant_y,participant_x,participant_z,drone_x,drone_z,drone_y,time,participant_drone_distance,velocity
1,Eye_Level,False,0,-217.5,25.5,80,0,0,5.015373,298.5909,0
1,end,False,154.3071,-211.6422,38.49215,80,0,0,5.755776,332.1859,0.02540238
1,end,False,153.8693,-211.5953,39.28384,80,0,0,5.974863,332.0344,0.07090619
1,end,False,152.2572,-212.7996,39.82458,80,0,0,6.186731,332.4152,0.1156017
1,end,False,148.8277,-214.2667,38.56819,80,0,0,6.377431,332.0092,0.1608677
1,end,False,146.1081,-215.0292,37.36014,80,0,0,6.62937,331.3391,0.09552184
1,end,False,146.5233,-217.1721,38.39347,80,0,0,6.845703,333.5482,0.165414
1,end,False,148.7883,-220.0275,38.56074,80,0,0,7.055899,337.1074,0.03615765
1,end,False,148.6261,-220.6307,39.35282,80,0,0,7.265005,337.6643,0.1165003
1,end,False,150.7951,-225.2834,39.62768,80,0,0,7.476737,342.7936,0.2826273
1,end,False,148.9183,-232.5746,41.78504,80,0,0,7.68709,348.7486,0.467519
1,end,False,135.0396,-235.11,48.30463,80,0,0,7.89332,346.2128,1.008087
1,end,False,112.4871,-229.3677,53.75607,80,0,0,8.105048,333.5438,1.195968
1,end,False,90.78013,-226.6465,56.29266,80,0,0,8.314228,324.7183,1.078026
1,end,False,70.58232,-227.9731,57.0243,80,0,0,8.521159,321.0623,0.9622909
1,end,False,52.60777,-230.133,56.20418,80,0,0,8.725166,319.5449,0.9550147
1,end,False,31.88646,-232.6821,55.59701,80,0,0,8.93362,319.1831,0.9096518
1,end,False,17.48084,-233.41,55.4665,80,0,0,9.141349,318.76,0.5314165
1,end,False,8.110106,-235.5562,55.82288,80,0,0,9.377151,320.5584,0.3185576
1,end,False,6.650066,-235.2176,56.0219,80,0,0,9.590095,320.2262,0.07176197
1,end,False,5.450976,-234.926,55.00449,80,0,0,9.8011,319.7399,0.09653491
1,end,False,4.498172,-234.5516,54.67827,80,0,0,10.01143,319.3002,0.04464196
1,end,False,4.565418,-234.4991,54.47696,80,0,0,10.22062,319.215,0.02000656
1,end,False,4.458225,-234.4797,54.33003,80,0,0,10.42948,319.1694,0.03421247
1,end,False,4.473913,-234.6461,54.367,80,0,0,10.63779,319.3399,0.0627505
1,end,False,4.498661,-234.5701,54.28284,80,0,0,10.84718,319.251,0.009208444
1,end,False,4.47371,-234.5997,54.19285,80,0,0,11.05628,319.2646,0.02624002
1,end,False,4.527545,-234.549,54.31404,80,0,0,11.26553,319.236,0.02207005
1,end,False,4.4994,-234.5024,54.35511,80,0,0,11.47336,319.1966,0.005566511
1,end,False,4.538167,-234.5574,54.30194,80,0,0,11.68119,319.2423,0.005193008
1,end,False,4.573452,-234.6259,54.30116,80,0,0,11.89044,319.3102,0.03968278
1,end,False,4.532468,-234.5025,54.35619,80,0,0,12.09959,319.1974,0.01117174
1,end,False,4.553831,-234.5496,54.36994,80,0,0,12.30869,319.2464,0.004749771
1,end,False,4.546499,-234.518,54.36366,80,0,0,12.51721,319.2141,0.009034893
1,end,False,4.567409,-234.5009,54.39165,80,0,0,12.72547,319.2023,0.008381434
1,end,False,4.584754,-234.5187,54.37294,80,0,0,12.93473,319.2169,0.002007784
1,end,False,4.57108,-234.5218,54.40278,80,0,0,13.14334,319.2248,0.006156665
1,end,False,4.577661,-234.5395,54.39156,80,0,0,13.35316,319.2405,0.005881981
1,end,False,4.578376,-234.4985,54.37068,80,0,0,13.56207,319.1965,0.005329014
1,end,False,4.568136,-234.5134,54.37957,80,0,0,13.77113,319.2126,0.002143057
1,end,False,4.576719,-234.5282,54.39415,80,0,0,13.9808,319.2298,0.003905499
1,end,False,4.5717,-234.5238,54.40002,80,0,0,14.19006,319.2264,0.002126992
1,end,False,4.574978,-234.5097,54.40423,80,0,0,14.39832,319.2132,0.002194534
1,end,False,4.570448,-234.5218,54.40408,80,0,0,14.60739,319.2251,0.002333215
1,end,False,4.585719,-234.5243,54.41091,80,0,0,14.8156,319.229,0.004224715
1,end,False,4.572284,-234.5384,54.38668,80,0,0,15.02494,319.2386,0.004542413
1,end,False,4.555821,-234.5202,54.38866,80,0,0,15.23244,319.2206,0.00401986
1,end,False,4.583371,-217.5122,25.50043,80,0,0,15.44651,298.6382,0.003338293
1,end,False,4.567838,-217.4912,25.5095,80,0,0,15.65628,298.6178,0.002440146
1,end,False,4.555762,-217.4873,25.49129,80,0,0,15.86545,298.6122,0.005558127
1,end,False,4.550803,-217.4739,25.48874,80,0,0,16.07423,298.5986,0.001695934
1,end,False,4.558837,-217.4751,25.49765,80,0,0,16.28237,298.6006,0.004077782
1,end,False,4.533172,-217.479,25.48628,80,0,0,16.49035,298.6031,0.003749415
1,end,False,4.538739,-217.4711,25.45809,80,0,0,16.69969,298.593,0.001949131
1,end,False,4.524398,-217.4716,25.45806,80,0,0,16.90822,298.5933,0.003561594
1,end,False,4.536247,-217.4885,25.45309,80,0,0,17.11734,298.6099,0.002605017
1,end,False,4.556811,-217.4767,25.45432,80,0,0,17.3252,298.5985,0.006629795
1,end,False,4.442859,-217.3976,25.46,80,0,0,17.53457,298.5184,0.02459066
1,end,False,9.015549,-216.3552,25.23337,80,0,0,17.74273,297.5641,1.119548
1,end,False,31.50829,-211.3536,23.62176,80,0,0,17.94909,294.0028,1.044061
1,end,False,61.28397,-207.893,25.60435,80,0,0,18.15501,295.455,1.280596
1,end,False,86.45821,-205.7206,28.57894,80,0,0,18.36034,299.88,0.7324475
1,end,False,96.50533,-205.3077,29.22828,80,0,0,18.58912,302.6021,0.3730855
1,end,False,99.50848,-206.2063,26.50984,80,0,0,18.81781,304.1689,0.1372015
1,end,False,99.17131,-205.456,23.35177,80,0,0,19.0299,303.093,0.1989046
1,end,False,98.21579,-204.3792,21.44068,80,0,0,19.23681,301.6249,0.1308677
1,end,False,98.1037,-208.7505,19.24606,80,0,0,19.45554,305.5677,0.3518291
1,end,False,96.79299,-216.7971,16.73663,80,0,0,19.66521,312.63,0.2419476
1,end,False,98.24773,-222.1899,15.60297,80,0,0,19.89314,318.1428,0.2685364
1,end,False,105.7648,-228.7206,16.83664,80,0,0,20.10206,326.7691,0.6065912
1,end,False,116.4882,-235.6099,21.92073,80,0,0,20.31252,337.1344,0.7901794
1,end,False,125.4327,-237.6442,29.31165,80,0,0,20.52203,342.7687,0.5907024
1,end,False,135.3073,-234.3221,29.74319,80,0,0,20.72905,343.4983,0.5565238
1,end,False,142.5174,-234.1719,31.94706,80,0,0,20.9373,346.4618,0.9831223
1,end,False,145.551,-233.8054,33.38148,80,0,0,21.15092,347.5244,0.03828076
1,end,False,142.1298,-227.0189,32.32437,80,0,0,21.35987,339.8622,0.2956824
1,end,False,142.3604,-228.2311,32.17144,80,0,0,21.56755,341.0395,0.3003759
1,end,False,142.226,-227.7215,32.3747,80,0,0,21.77683,340.542,0.06524717
1,end,False,142.1821,-227.6515,32.14679,80,0,0,21.98564,340.4388,0.06254202
1,end,False,142.8639,-226.5444,32.28284,80,0,0,22.19507,339.7377,0.1487103
1,end,False,146.3988,-225.1006,32.46844,80,0,0,22.40416,339.9606,0.2128019
1,end,False,148.8752,-222.8512,32.66552,80,0,0,22.61254,339.0424,0.1405386
1,end,False,149.89,-221.2573,33.2413,80,0,0,22.81837,338.1242,0.08608437
1,end,False,150.2247,-220.2604,34.2267,80,0,0,23.03159,337.4836,0.1146361
1,end,False,150.9622,-220.4912,34.72859,80,0,0,23.24796,338.069,0.05741077
1,end,False,150.8401,-221.3657,35.07349,80,0,0,23.4617,338.8276,0.05094573
1,end,False,150.2537,-222.68,35.01147,80,0,0,23.66871,339.731,0.06081344
1,end,False,148.6,-224.3527,34.6371,80,0,0,23.87839,340.4589,0.1973024
1,end,False,141.4576,-226.3452,33.83977,80,0,0,24.0863,339.1206,0.2967628
1,end,False,139.0983,-227.9578,33.0458,80,0,0,24.29453,339.5266,0.08193921
1,end,False,138.7804,-227.6231,32.08069,80,0,0,24.50723,339.0002,0.06725501
1,end,False,139.0178,-226.1716,31.14859,80,0,0,24.71396,337.694,0.05349751
1,end,False,139.2858,-225.4282,30.34192,80,0,0,24.93283,337.0572,0.04849576
1,end,False,137.7751,-226.3114,29.32259,80,0,0,25.14403,337.1475,0.1564451
1,end,False,134.7876,-228.8725,27.8692,80,0,0,25.35243,338.1518,0.2498296
1,end,False,132.5415,-230.34,26.39963,80,0,0,25.56126,338.4895,0.1050721
1,end,False,132.0242,-230.8132,25.30909,80,0,0,25.77051,338.6382,0.05261587
1,end,False,132.7176,-230.3728,24.39065,80,0,0,25.97831,338.4378,0.08895328
1,end,False,134.7246,-228.9585,24.32235,80,0,0,26.18862,337.9314,0.1340025
1,end,False,134.867,-228.389,25.70691,80,0,0,26.39512,337.5703,0.1277542
1,end,False,134.3006,-229.8054,29.51227,80,0,0,26.60368,338.9499,0.1866254
1,end,False,134.3953,-230.9091,32.27105,80,0,0,26.81219,340.2469,0.06078843
1,end,False,137.4318,-226.7764,28.16182,80,0,0,27.0194,337.3312,0.637296
1,end,False,147.3836,-201.5257,25.98304,80,0,0,27.27278,318.8318,1.14571
1,end,False,150.0139,-175.6839,38.52905,80,0,0,27.52543,298.9363,1.150167
1,end,False,152.7432,-151.4666,48.94756,80,0,0,27.79104,281.6081,0.8848239
1,end,False,153.8681,-132.6493,50.1735,80,0,0,27.99883,267.2312,0.9441638
1,end,False,149.4194,-113.0001,46.10271,80,0,0,28.21127,248.3962,0.9792669
1,end,False,153.0653,-87.57175,43.73616,80,0,0,28.46475,231.1323,0.8333635
1,end,False,148.6108,-64.07304,47.38997,80,0,0,28.68948,212.3394,1.178568
1,end,False,149.5758,-37.37121,55.91195,80,0,0,28.91471,198.1794,1.182279
1,end,False,149.4718,-11.50088,60.33733,80,0,0,29.13909,185.3506,1.189791
1,end,False,145.2585,16.81025,62.76069,80,0,0,29.36387,170.3874,1.404005
1,end,False,150.7074,44.26064,66.43075,80,0,0,29.5884,168.5321,1.236062
1,end,False,147.7021,69.09702,73.86549,80,0,0,29.81125,165.502,1.160208
1,end,False,148.7137,95.12637,84.44775,80,0,0,30.03735,171.6857,1.143744
1,end,False,149.2844,120.8931,87.77023,80,0,0,30.25949,177.9373,1.209918
1,end,False,144.977,147.4705,85.82901,80,0,0,30.4842,181.4862,1.334337
1,end,False,149.8452,173.8807,83.53549,80,0,0,30.7084,195.5642,1.082932
1,end,False,146.4309,199.2842,83.87038,80,0,0,30.93237,206.6518,1.166459
1,end,False,145.448,224.3204,86.2516,80,0,0,31.14141,222.3125,0.8292012
1,end,False,146.1932,246.0619,85.98455,80,0,0,31.35165,237.3654,0.968526
1,end,False,142.3785,264.2305,84.1976,80,0,0,31.56134,247.5919,0.8804274
1,end,False,149.4893,281.9198,83.32423,80,0,0,31.77133,264.6915,0.9461063
1,end,False,152.8933,296.3432,84.95263,80,0,0,31.97995,278.2044,0.7295293
1,end,False,153.982,310.6064,89.53217,80,0,0,32.18965,291.386,0.8680843
1,end,False,156.538,323.309,91.66792,80,0,0,32.40426,303.4904,0.5434557
1,end,False,157.3975,334.0646,89.73306,80,0,0,32.6133,312.0494,0.5172967
1,end,False,157.3358,342.0229,84.51694,80,0,0,32.82346,317.102,0.4312708
1,end,False,157.9069,348.6505,80.91644,80,0,0,33.03146,321.9552,0.3241711
1,end,False,157.9617,353.0995,79.48965,80,0,0,33.24104,325.3519,0.1895251
1,end,False,157.6962,356.0507,79.81361,80,0,0,33.44906,327.7839,0.1118526
1,end,False,157.8844,356.7356,82.97509,80,0,0,33.65736,329.2339,0.1898717
1,end,False,157.9437,357.492,87.38216,80,0,0,33.86493,331.0343,0.2566976
1,end,False,158.5408,361.2204,91.49526,80,0,0,34.0743,335.5466,0.2935218
1,end,False,158.0179,358.701,83.37267,80,0,0,34.28798,331.0512,0.6594015
1,end,False,157.8991,338.1886,84.17605,80,0,0,34.52278,314.1323,1.501652
1,end,False,156.0549,312.1747,92.35066,80,0,0,34.73899,294.5961,1.626988
1,end,False,153.8692,289.5508,98.392,80,0,0,34.94489,277.9716,0.989402
1,end,False,153.9669,267.3981,99.09452,80,0,0,35.18177,261.9992,0.985577
1,end,False,148.9292,240.3605,92.45392,80,0,0,35.43171,237.5776,1.258373
1,end,False,156.4775,212.7197,84.4025,80,0,0,35.68235,221.8637,1.104968
1,end,False,152.8446,184.8249,79.41469,80,0,0,35.93302,201.6344,1.239949
1,end,False,152.0955,156.1098,80.24915,80,0,0,36.15554,188.0576,1.276452
1,end,False,155.0665,133.0713,78.14397,80,0,0,36.36434,181.5727,1.111445
1,end,False,151.6195,106.3769,73.53223,80,0,0,36.5745,170.5614,1.283412
1,end,False,156.6908,79.26161,68.65462,80,0,0,36.78287,171.0731,1.255654
1,end,False,158.0841,53.81417,69.55181,80,0,0,36.99112,174.6819,1.229153
1,end,False,154.568,26.41144,73.39075,80,0,0,37.20305,179.302,1.39173
1,end,False,163.4917,0.4042625,72.42812,80,0,0,37.41291,195.7316,1.342432
1,end,False,163.9066,-28.07848,65.9456,80,0,0,37.65316,207.1115,1.384477
1,end,False,157.3115,-63.51609,56.2899,80,0,0,37.87764,220.2551,1.788739
1,end,False,141.8046,-93.41467,53.87479,80,0,0,38.10558,230.399,1.316527
1,end,False,124.9057,-114.1925,51.42517,80,0,0,38.33397,236.5517,1.09438
1,end,False,116.5204,-130.5004,46.24046,80,0,0,38.5579,245.0012,0.8601763
1,end,False,110.2444,-150.4802,40.82903,80,0,0,38.78029,258.7315,1.072922
1,end,False,97.18912,-173.3273,33.82943,80,0,0,39.00242,273.4316,1.301778
1,end,False,80.01765,-187.6282,29.71221,80,0,0,39.20101,280.9101,1.168712
1,end,False,55.45347,-199.5544,27.41026,80,0,0,39.41285,286.3163,1.286877
1,end,False,34.36967,-206.8618,26.27765,80,0,0,39.63321,290.106,1.274846
1,end,False,18.61851,-213.1074,25.53243,80,0,0,39.8408,294.8059,0.371487
1,end,False,10.02549,-216.1714,24.02931,80,0,0,40.07875,297.3137,0.3778656
1,end,False,6.531501,-215.4088,23.98071,80,0,0,40.29185,296.4525,0.1098607
1,end,False,5.331111,-214.4042,23.98513,80,0,0,40.50209,295.4277,0.1142849
1,end,False,5.761206,-214.6323,23.92883,80,0,0,40.7128,295.6585,0.008057008
1,end,False,5.912673,-214.5104,23.90743,80,0,0,40.92108,295.5384,0.04255554
1,end,False,5.903232,-214.4571,24.23865,80,0,0,41.1307,295.512,0.01553859
1,end,False,5.86164,-214.3806,24.04416,80,0,0,41.33944,295.4191,0.007627095
1,end,False,5.892754,-214.4651,24.10137,80,0,0,41.5485,295.5085,0.01650947
1,end,False,5.843258,-214.4473,24.12516,80,0,0,41.75689,295.4917,0.006648922
1,end,False,5.871439,-214.4601,24.10074,80,0,0,41.96564,295.5031,0.001880422
1,end,False,5.820084,-214.4256,24.19306,80,0,0,42.17575,295.4752,0.008711437
1,end,False,5.809057,-214.4093,24.36834,80,0,0,42.38275,295.4731,0.02067172
1,end,False,5.821514,-214.3745,24.19238,80,0,0,42.59243,295.4243,0.01029602
1,end,False,5.86704,-214.4056,24.18112,80,0,0,42.80085,295.4552,0.01814325
1,end,False,5.821598,-214.3631,24.25248,80,0,0,43.01011,295.4179,0.009115797
1,end,False,6.017268,-214.5587,24.15405,80,0,0,43.21825,295.6086,0.06754632
1,end,False,5.833173,-214.4175,24.21693,80,0,0,43.42838,295.4694,0.01556012
1,end,False,5.85016,-214.4423,24.23492,80,0,0,43.63654,295.4959,0.00524042
1,end,False,5.857337,-214.4493,24.22777,80,0,0,43.84584,295.5024,0.002369644
1,end,False,5.867541,-214.445,24.25246,80,0,0,44.05368,295.5004,0.005192576
1,end,False,5.872893,-214.4402,24.23139,80,0,0,44.26334,295.4939,0.0009603215
1,end,False,5.862534,-214.4465,24.25741,80,0,0,44.47223,295.5022,0.001742916
1,end,False,5.863416,-214.4466,24.22315,80,0,0,44.68042,295.4995,0.001349675
1,end,False,5.876315,-214.4372,24.24281,80,0,0,44.89101,295.492,0.002264198
1,end,False,5.886018,-214.4322,24.22202,80,0,0,45.09807,295.4855,0.002418234
1,end,False,5.893779,-214.4263,24.20876,80,0,0,45.30842,295.4787,0.001841771
1,end,False,5.904639,-214.4339,24.19357,80,0,0,45.5154,295.4853,0.00198342
1,end,False,5.895913,-214.4287,24.20961,80,0,0,45.72536,295.4812,0.001661802
1,end,False,5.878699,-214.4324,24.22063,80,0,0,45.93338,295.4855,0.003289945
1,end,False,5.879259,-214.4327,24.22804,80,0,0,46.18626,295.4864,0.00340452
1,end,False,5.888176,-214.4251,24.1957,80,0,0,46.39763,295.4763,0.008049049
1,end,False,5.891645,-214.4311,24.2345,80,0,0,46.60666,295.4856,0.01347812
1,end,False,5.866456,-214.4226,24.22543,80,0,0,46.81468,295.4758,0.01867443
1,end,False,5.919325,-214.4607,24.27113,80,0,0,47.02271,295.5186,0.01251652
1,end,False,5.862534,-214.4258,24.27339,80,0,0,47.23148,295.4829,0.004645306
1,end,False,5.890763,-214.4165,24.25888,80,0,0,47.44015,295.473,0.006141937
1,end,False,5.91321,-214.4379,24.22163,80,0,0,47.64788,295.4917,0.002627917
1,end,False,5.919826,-214.4266,24.21122,80,0,0,47.85773,295.4796,0.005547195
1,end,False,5.91464,-214.4243,24.18561,80,0,0,48.06543,295.4753,0.00844345
1,end,False,5.882764,-214.3893,24.27938,80,0,0,48.2743,295.4474,0.01445951
1,end,False,5.865753,-214.4372,24.25928,80,0,0,48.48512,295.4932,0.008373847
1,end,False,5.881643,-214.4307,24.26629,80,0,0,48.69338,295.4876,0.003199325
1,end,False,6.013787,-214.3577,24.18763,80,0,0,48.90259,295.411,0.05133722
1,end,False,5.931056,-214.3525,24.11704,80,0,0,49.11139,295.3984,0.01412771
1,end,False,6.167066,-214.4316,23.64298,80,0,0,49.32016,295.4438,0.01194892
1,end,False,6.092274,-214.3585,23.64994,80,0,0,49.52951,295.3698,0.01689497
1,end,False,6.036031,-214.2833,23.56447,80,0,0,49.73806,295.287,0.01709307
1,end,False,6.026876,-214.4634,23.52942,80,0,0,49.94687,295.4634,0.06797986
1,end,False,5.845869,-214.39,23.69806,80,0,0,50.15422,295.4001,0.008546161
1,end,False,5.864346,-214.3528,23.72771,80,0,0,50.3636,295.3658,0.004600476
1,end,False,5.863893,-214.3193,23.70998,80,0,0,50.57368,295.331,0.00217961
1,end,False,5.844033,-214.3238,23.7505,80,0,0,50.78275,295.3383,0.004979353
1,end,False,5.874109,-214.295,23.71922,80,0,0,50.99258,295.3077,0.001919935
1,end,False,5.881393,-214.3193,23.71354,80,0,0,51.20122,295.3316,0.002410031
1,end,False,5.890954,-214.3029,23.70134,80,0,0,51.41081,295.3145,0.000637961
1,end,False,5.881226,-214.3147,23.73053,80,0,0,51.61958,295.3284,0.00136363
1,end,False,5.872786,-214.2994,23.70574,80,0,0,51.82814,295.311,0.002401059
1,end,False,5.867708,-214.3042,23.69831,80,0,0,52.03623,295.3151,0.002370804
1,end,False,5.877292,-217.534,25.4936,80,0,0,52.24402,298.6819,0.9149812
1,end,False,5.894482,-217.5326,25.48735,80,0,0,52.4539,298.6804,0.002433382
1,end,False,5.870211,-217.5471,25.52076,80,0,0,52.66323,298.6973,0.001677311
1,end,False,5.880511,-217.5245,25.49481,80,0,0,52.87195,298.6727,0.001122049
1,end,False,5.868065,-217.5169,25.49639,80,0,0,53.08008,298.665,0.002966517
1,end,False,5.882025,-217.5304,25.50008,80,0,0,53.2889,298.6791,0.004579792
1,end,False,5.855596,-217.5197,25.54633,80,0,0,53.49841,298.6719,0.00321078
1,end,False,5.84991,-217.547,25.52825,80,0,0,53.70726,298.6974,0.003186815
1,end,False,5.849957,-217.5268,25.5274,80,0,0,53.91579,298.6772,0.003704762
1,end,False,5.845845,-217.4958,25.53346,80,0,0,54.12436,298.6468,0.005336227
1,end,False,5.807436,-217.4842,25.54294,80,0,0,54.33257,298.6353,0.02335193
1,end,False,5.870652,-217.53,25.5441,80,0,0,54.54062,298.6822,0.009456386
1,end,False,5.918598,-217.5439,25.42734,80,0,0,54.75037,298.687,0.01548455
1,end,False,5.798578,-217.5341,25.69003,80,0,0,54.9599,298.6974,0.02156182
1,end,False,5.809343,-217.5233,25.78531,80,0,0,55.16861,298.695,0.0258349
1,end,False,5.864263,-217.2512,25.73686,80,0,0,55.37646,298.4209,0.01791053
1,end,False,5.799305,-217.1181,25.93439,80,0,0,55.58564,298.3042,0.01197237
1,end,False,5.780113,-217.1412,25.80076,80,0,0,55.79552,298.3152,0.01532236
1,end,False,5.812657,-217.1287,25.88528,80,0,0,56.0041,298.3107,0.01510178
1,end,False,5.833888,-217.2094,25.96468,80,0,0,56.21332,298.3984,0.01322834
1,end,False,5.894446,-217.1782,25.8217,80,0,0,56.42118,298.3561,0.008502061
1,end,False,5.905735,-217.2012,25.84033,80,0,0,56.62845,298.3809,0.002979766
1,end,False,5.891395,-217.1956,25.83924,80,0,0,56.83903,298.3749,0.002002418
1,end,False,5.873501,-217.2064,25.85507,80,0,0,57.04765,298.3867,0.004434585
1,end,False,5.871582,-217.2047,25.87216,80,0,0,57.25643,298.3865,0.004646529
1,end,False,5.848897,-217.1606,26.19486,80,0,0,57.46531,298.3702,0.07405533
1,end,False,5.89385,-217.1777,25.98788,80,0,0,57.67406,298.3701,0.01314623
1,end,False,5.895531,-217.1369,25.84223,80,0,0,57.884,298.3168,0.01740928
1,end,False,5.925643,-217.1697,25.71633,80,0,0,58.09235,298.3392,0.01408961
1,end,False,5.91855,-217.1735,25.88862,80,0,0,58.3013,298.3577,0.02966907
1,end,False,5.890167,-217.2048,25.83268,80,0,0,58.51036,298.3835,0.03010108
1,end,False,5.923891,-217.1641,25.87413,80,0,0,58.7191,298.3472,0.01556957
1,end,False,5.894041,-217.1041,25.78733,80,0,0,58.92838,298.2793,0.01812897
1,end,False,5.949628,-217.2008,25.83243,80,0,0,59.1367,298.3806,0.001950143
1,end,False,5.909765,-217.1782,25.86598,80,0,0,59.3464,298.3603,0.006537704
1,end,False,5.874527,-217.126,25.885,80,0,0,59.55509,298.3093,0.004376587
1,end,False,5.898607,-217.1313,25.8438,80,0,0,59.76477,298.3114,0.003432038
1,end,False,5.869138,-217.1451,25.86006,80,0,0,59.97359,298.326,0.007895513
1,end,False,5.897951,-217.141,25.84097,80,0,0,60.18243,298.3208,0.0017587
1,end,False,5.885983,-217.1391,25.86723,80,0,0,60.39145,298.3209,0.002851658
1,end,False,5.898416,-217.1209,25.85907,80,0,0,60.59979,298.3024,0.004548718
1,end,False,5.897307,-217.5082,25.48068,80,0,0,60.80836,298.6556,0.002578828
1,end,False,5.912471,-217.5254,25.47139,80,0,0,61.01652,298.6722,0.00698605
1,end,False,5.949211,-217.5783,25.46281,80,0,0,61.22615,298.7249,0.006722546
1,end,False,5.930519,-217.5985,25.45382,80,0,0,61.43445,298.744,0.005797587
1,end,False,5.935872,-217.6036,25.47277,80,0,0,61.64328,298.7507,0.0118557
1,end,False,5.908203,-217.5913,25.46292,80,0,0,61.85251,298.7371,0.004772249
1,end,False,5.92438,-217.5726,25.46581,80,0,0,62.06144,298.7191,0.005052022
1,end,False,5.913603,-217.5658,25.46547,80,0,0,62.27028,298.712,0.001266532
1,end,False,5.94207,-217.5723,25.46189,80,0,0,62.47917,298.7187,0.004621248
1,end,False,5.914438,-217.5614,25.46847,80,0,0,62.68755,298.7079,0.003399402
1,end,False,5.904698,-217.5842,25.52001,80,0,0,62.89694,298.7348,0.007094288
1,end,False,5.909705,-217.562,25.46777,80,0,0,63.10612,298.7084,0.002691591
1,end,False,5.887735,-217.5665,25.49931,80,0,0,63.31388,298.7151,0.002149645
1,end,False,5.879617,-217.5574,25.53354,80,0,0,63.52316,298.7088,0.000878101
1,end,False,5.907071,-217.5632,25.50582,80,0,0,63.73193,298.7127,0.002107858
1,end,False,5.897975,-217.5507,25.50819,80,0,0,63.94127,298.7003,0.002981923
1,end,False,5.899799,-217.5256,25.46775,80,0,0,64.1498,298.6719,0.003685047
1,end,False,5.911362,-217.5218,25.47249,80,0,0,64.35883,298.6687,0.002185179
1,end,False,5.902183,-217.5226,25.48798,80,0,0,64.56799,298.6706,0.0009633647
1,end,False,5.898464,-217.5257,25.51094,80,0,0,64.77657,298.6756,0.002908649
1,end,False,5.884659,-217.5277,25.49863,80,0,0,64.98572,298.6763,0.002134941
1,end,False,5.865204,-217.5186,25.49356,80,0,0,65.19384,298.6665,0.004007
1,end,False,5.904818,-217.5044,25.45803,80,0,0,65.40308,298.65,0.005289404
1,end,False,5.885816,-217.5068,25.43262,80,0,0,65.61158,298.6499,0.006129948
1,end,False,5.881536,-217.4893,25.43622,80,0,0,65.82153,298.6327,0.02472834
1,end,False,8.411717,-216.6378,24.76191,80,0,0,66.03057,297.7884,0.6465883
1,end,False,26.09135,-213.0387,23.33709,80,0,0,66.235,295.122,1.004225
1,end,False,50.10622,-211.7887,25.42724,80,0,0,66.44039,297.1495,1.491648
1,end,False,77.4678,-211.7596,26.39872,80,0,0,66.64832,303.0212,1.073562
1,end,False,91.7699,-216.6391,26.46825,80,0,0,66.85814,311.636,0.6008569
1,end,False,96.98963,-222.8137,25.22396,80,0,0,67.07127,318.9661,0.301587
1,end,False,99.02359,-226.0132,24.02406,80,0,0,67.28019,322.532,0.1857765
1,end,False,100.4287,-228.298,24.37074,80,0,0,67.49018,325.1577,0.1437972
1,end,False,102.2045,-230.0956,25.81943,80,0,0,67.69881,327.5236,0.1568509
1,end,False,104.8056,-232.3499,26.77595,80,0,0,67.90832,330.5504,0.199007
1,end,False,108.2733,-235.6678,27.50159,80,0,0,68.11769,334.8516,0.3415485
1,end,False,117.2568,-239.2403,27.88443,80,0,0,68.32697,341.2346,0.461902
1,end,False,122.1574,-242.362,27.33598,80,0,0,68.5236,345.8134,0.1390124
1,end,False,127.3344,-242.5286,28.99929,80,0,0,68.76949,347.9651,0.2887417
1,end,False,133.7459,-238.126,31.31083,80,0,0,68.97337,346.5148,0.4521687
1,end,False,143.5183,-233.0281,28.75858,80,0,0,69.18337,345.5591,0.5202672
1,end,False,146.4753,-232.7768,31.61483,80,0,0,69.39076,346.8196,0.4752992
1,end,False,150.3609,-232.8625,30.99186,80,0,0,69.60456,348.4994,0.2009249
1,end,False,152.7442,-230.7777,31.20474,80,0,0,69.8166,347.6885,0.133654
1,end,False,151.7235,-228.3557,31.16931,80,0,0,70.02296,345.0722,1.143387
1,end,False,150.1755,-226.3557,30.628,80,0,0,70.23219,342.5559,0.07485314
1,end,False,150.3505,-225.7849,30.30008,80,0,0,70.44032,342.0932,0.06466474
1,end,False,150.7405,-225.0822,28.54795,80,0,0,70.648,341.4862,0.09756152
1,end,False,151.3326,-224.9662,28.49827,80,0,0,70.85428,341.6403,0.03415627
1,end,False,151.1908,-225.3511,27.92759,80,0,0,71.06324,341.8741,0.02689747
1,end,False,151.1425,-225.7449,28.00505,80,0,0,71.27251,342.2109,0.01603858
1,end,False,151.0446,-225.6768,28.38806,80,0,0,71.48199,342.1383,0.02073874
1,end,False,150.5579,-225.706,28.61036,80,0,0,71.68951,341.9684,0.04559784
1,end,False,149.1569,-226.4377,29.04391,80,0,0,71.90175,342.0459,0.1403792
1,end,False,143.755,-227.788,29.6866,80,0,0,72.10822,340.9989,0.2024008
1,end,False,141.8018,-229.0521,30.44255,80,0,0,72.317,341.3908,0.05661157
1,end,False,142.284,-228.592,30.99256,80,0,0,72.52594,341.2247,0.06518614
1,end,False,143.841,-226.5828,31.00311,80,0,0,72.73476,340.0654,0.1285897
1,end,False,144.1404,-226.0141,31.21535,80,0,0,72.94478,339.6991,0.06446821
1,end,False,145.8116,-226.548,31.43495,80,0,0,73.15249,340.9118,0.0948886
1,end,False,148.6205,-228.5436,31.64019,80,0,0,73.36385,343.9306,0.1165147
1,end,False,149.8261,-227.9295,31.25066,80,0,0,73.57156,343.8677,0.09645134
1,end,False,148.1067,-224.7727,30.74403,80,0,0,73.78098,340.2458,0.201779
1,end,False,149.2569,-224.3106,31.22112,80,0,0,73.98825,340.3782,0.09202792
1,end,False,151.1195,-223.9788,34.38903,80,0,0,74.19668,341.2079,0.2339144
1,end,False,152.3087,-221.5286,39.00172,80,0,0,74.40057,340.0568,0.2911623
1,end,False,150.2475,-213.5826,42.83093,80,0,0,74.64185,332.5651,0.491607
1,end,False,151.1484,-200.6464,42.58932,80,0,0,74.86346,321.5931,0.6339512
1,end,False,151.7213,-184.1751,43.07798,80,0,0,75.12949,307.6743,0.5920264
1,end,False,152.2401,-176.539,47.40515,80,0,0,75.34249,302.0539,0.4110788
1,end,False,152.4376,-172.6729,55.38754,80,0,0,75.55045,300.2476,0.5077868
1,end,False,151.5321,-173.3531,69.3254,80,0,0,75.7589,303.242,0.7742429
1,end,False,154.4214,-174.044,79.76554,80,0,0,75.96799,307.8098,0.3179372
1,end,False,154.6271,-174.3223,82.90663,80,0,0,76.17352,308.9707,0.09574036
1,end,False,155.7943,-175.2247,82.28357,80,0,0,76.3838,310.1324,0.1138826
1,end,False,160.9659,-174.7434,82.74596,80,0,0,76.59138,312.4917,0.2875917
1,end,False,162.544,-175.3615,82.83699,80,0,0,76.80331,313.8343,0.06414388
1,end,False,159.2892,-174.8798,83.10346,80,0,0,77.01193,311.838,0.3068722
1,end,False,155.4195,-175.9331,83.51138,80,0,0,77.21698,310.8555,0.06791782
1,end,False,155.7896,-174.7983,83.74322,80,0,0,77.4268,310.1701,0.04783192
1,end,False,155.8689,-174.9496,84.43459,80,0,0,77.63598,310.5215,0.03563967
1,end,False,156.1737,-175.5107,84.39005,80,0,0,77.84577,311.1232,0.04462857
1,end,False,161.171,-173.954,84.42406,80,0,0,78.05312,312.4038,0.3273634
1,end,False,160.8273,-174.3998,84.89509,80,0,0,78.26579,312.7169,0.1867131
1,end,False,155.9444,-173.5466,86.85889,80,0,0,78.47521,310.079,0.2215875
1,end,False,153.5211,-166.9311,88.72103,80,0,0,78.68049,303.9985,0.4412286
1,end,False,150.7573,-151.5479,88.46912,80,0,0,78.89079,290.1189,0.8873954
1,end,False,146.9185,-127.6807,84.22462,80,0,0,79.10097,267.9741,1.352779
1,end,False,154.0799,-103.7756,81.42977,80,0,0,79.29539,253.2684,0.9556339
1,end,False,153.6565,-78.16899,82.96361,80,0,0,79.53619,235.6071,0.9111958
1,end,False,149.6202,-51.408,87.88501,80,0,0,79.75929,217.665,1.251751
1,end,False,154.9923,-26.07155,90.21534,80,0,0,79.98474,208.3569,1.123017
1,end,False,147.3341,0.224328,90.30155,80,0,0,80.21208,190.3309,1.261263
1,end,False,148.0032,29.07803,87.57695,80,0,0,80.43762,179.3536,1.225339
1,end,False,148.7384,55.62119,88.10808,80,0,0,80.6608,174.5866,1.177613
1,end,False,144.7949,83.22258,91.95506,80,0,0,80.88367,171.5566,1.366166
1,end,False,148.2011,109.4791,93.38843,80,0,0,81.10889,177.6344,1.124131
1,end,False,143.013,135.2704,91.20852,80,0,0,81.33212,178.3999,1.153803
1,end,False,146.3579,161.6084,86.68433,80,0,0,81.55501,188.6657,1.092821
1,end,False,145.2841,185.7502,85.2676,80,0,0,81.77743,198.8998,1.112337
1,end,False,138.8956,215.6143,86.20457,80,0,0,82.002,212.4016,1.692572
1,end,False,140.1837,246.7432,88.453,80,0,0,82.20108,235.1142,1.213954
1,end,False,148.4641,269.6411,87.19658,80,0,0,82.40857,256.1417,1.129736
1,end,False,151.2359,287.7626,84.27237,80,0,0,82.61966,270.443,0.7631347
1,end,False,153.3037,301.4862,79.29128,80,0,0,82.82999,280.794,0.5412323
1,end,False,156.4389,314.4295,78.67964,80,0,0,83.04008,292.6104,0.5669254
1,end,False,156.4145,325.7398,79.54697,80,0,0,83.24894,301.9624,0.601858
1,end,False,156.3233,339.3446,82.46659,80,0,0,83.45847,313.8428,0.7487606
1,end,False,157.6342,350.4204,84.02847,80,0,0,83.67059,324.0934,0.4246444
1,end,False,158.0504,356.119,83.27483,80,0,0,83.87854,328.8713,0.1773499
1,end,False,158.3257,355.6898,82.19622,80,0,0,84.08676,328.3719,0.1110864
1,end,False,159.0335,354.5529,82.66791,80,0,0,84.29248,327.8795,0.1469338
1,end,False,159.2414,354.7811,88.07615,80,0,0,84.50136,329.5753,0.3365083
1,end,False,158.9413,356.2059,97.96637,80,0,0,84.71055,333.3909,0.5211249
1,end,False,159.4442,357.6739,106.0455,80,0,0,84.9185,337.2994,0.3303056
1,end,False,159.3787,358.1993,110.309,80,0,0,85.13108,339.0642,0.1325378
1,end,False,160.0018,358.7619,110.8236,80,0,0,85.33888,339.9863,0.03793605
1,end,False,160.4226,358.3892,110.1278,80,0,0,85.54912,339.6529,0.05501509
1,end,False,160.8074,357.284,109.7499,80,0,0,85.75667,338.8074,0.04627534
1,end,False,159.832,357.3327,110.7772,80,0,0,85.96597,338.7201,0.1830535
1,end,False,157.0142,358.8236,113.3553,80,0,0,86.17363,339.4782,0.2106278
1,end,False,155.2879,361.1129,117.2558,80,0,0,86.38234,341.8885,0.204779
1,end,False,154.6764,362.8584,119.0649,80,0,0,86.59069,343.6716,0.09012969
1,end,False,155.1825,363.5709,118.811,80,0,0,86.79934,344.3982,0.1128055
1,end,False,160.9982,362.4136,113.8451,80,0,0,87.01047,344.4395,0.3388379
1,end,False,162.996,360.2827,107.1187,80,0,0,87.21984,341.4682,0.3200556
1,end,False,162.3995,359.2075,104.4909,80,0,0,87.42957,339.4831,0.09606604
1,end,False,162.2588,358.4037,104.5955,80,0,0,87.63702,338.7871,0.0401325
1,end,False,161.4534,358.8935,105.7067,80,0,0,87.84641,339.15,0.09731184
1,end,False,160.7205,359.2364,107.0034,80,0,0,88.05508,339.4905,0.04501906
1,end,False,160.679,359.0591,107.4529,80,0,0,88.2634,339.467,0.03781462
1,end,False,161.0244,358.6153,107.3893,80,0,0,88.47495,339.2459,0.01483575
1,end,False,161.4336,358.9407,108.4154,80,0,0,88.68028,340.0332,0.07396247
1,end,False,161.7125,359.2227,109.1895,80,0,0,88.89017,340.6443,0.02841544
1,end,False,161.6893,359.8092,109.3038,80,0,0,89.09846,341.1509,0.06068361
1,end,False,161.284,364.4931,99.81969,80,0,0,89.30889,341.9252,0.6839307
1,end,False,159.0797,361.0936,89.38779,80,0,0,89.50884,335.1271,0.3889529
1,end,False,157.7705,355.7528,79.98093,80,0,0,89.75304,327.6097,0.4840799
1,end,False,157.3052,350.9005,66.64194,80,0,0,89.95969,320.2705,0.8440171
1,end,False,158.7622,345.0616,52.55975,80,0,0,90.17147,313.4097,0.5851117
1,end,False,160.3584,342.3766,43.61953,80,0,0,90.38115,310.5784,0.3835781
1,end,False,160.2021,341.9666,38.29955,80,0,0,90.59076,309.448,0.142057
1,end,False,160.4103,343.8116,36.80695,80,0,0,90.79863,310.9386,0.104376
1,end,False,160.3676,345.0398,35.92156,80,0,0,91.00969,311.8561,0.07725396
1,end,False,159.4807,346.7472,34.53086,80,0,0,91.22047,312.6989,0.1447722
1,end,False,158.2595,347.8637,32.75655,80,0,0,91.42819,312.8419,0.1069987
1,end,False,157.6308,349.0527,31.85185,80,0,0,91.63624,313.4508,0.06795707
1,end,False,156.4198,350.3053,30.11016,80,0,0,91.84471,313.7495,0.1751982
1,end,False,154.2276,353.0086,26.66158,80,0,0,92.05125,314.6915,0.2391212
1,end,False,152.6548,355.5575,24.38992,80,0,0,92.25883,315.9594,0.1447174
1,end,False,152.513,352.8838,20.83587,80,0,0,92.46899,313.3048,0.5537379
1,end,False,151.8773,336.0146,24.66921,80,0,0,92.69452,298.6951,0.7592638
1,end,False,153.589,318.3453,37.61562,80,0,0,92.95093,286.0297,0.964815
1,end,False,154.267,297.5783,54.16354,80,0,0,93.20016,272.1623,0.882646
1,end,False,153.4707,274.9852,61.05632,80,0,0,93.45066,255.5394,1.034032
1,end,False,148.7337,245.1711,61.55199,80,0,0,93.70123,230.6335,1.31125
1,end,False,156.8232,217.2755,64.3201,80,0,0,93.95275,218.1172,1.046325
1,end,False,151.0276,188.831,70.47416,80,0,0,94.20356,199.0481,1.239597
1,end,False,156.8584,159.6454,78.0554,80,0,0,94.4542,192.4593,1.215724
1,end,False,157.2174,135.6901,76.55074,80,0,0,94.66235,183.5176,1.22788
1,end,False,152.8086,108.9813,71.9612,80,0,0,94.87138,171.3733,1.386344
1,end,False,158.7092,85.22177,69.34969,80,0,0,95.08015,173.278,1.120221
1,end,False,155.7408,61.56643,67.61161,80,0,0,95.28836,170.7815,1.258053
1,end,False,153.9515,35.36365,68.11792,80,0,0,95.49992,174.1652,1.286337
1,end,False,158.1173,14.20724,63.69786,80,0,0,95.69746,182.7216,0.8279868
1,end,False,153.4239,-9.639645,56.94494,80,0,0,95.92184,186.5928,1.264138
1,end,False,154.2906,-34.36191,47.36097,80,0,0,96.14946,197.8062,1.125329
1,end,False,156.7596,-57.09078,43.71827,80,0,0,96.37218,212.788,1.008125
1,end,False,151.9949,-81.03615,41.54038,80,0,0,96.59691,225.3013,1.138148
1,end,False,155.0969,-104.0894,38.68302,80,0,0,96.82182,243.8039,1.054142
1,end,False,155.1917,-123.2287,33.09009,80,0,0,97.04775,257.8397,0.8676686
1,end,False,151.2055,-141.5379,23.57582,80,0,0,97.27104,269.2545,0.8890654
1,end,False,153.7176,-157.343,14.3225,80,0,0,97.49419,283.1359,0.8258449
1,end,False,150.4453,-172.1706,3.029406,80,0,0,97.71631,293.6545,0.868945
1,end,False,149.0974,-188.1714,-8.049682,80,0,0,97.93734,306.9377,0.8754718
1,end,False,152.0605,-200.6392,-21.40635,80,0,0,98.16144,319.9047,0.7375438
1,end,False,149.9303,-208.2518,-37.0165,80,0,0,98.38588,327.0144,0.792922
1,end,False,147.3809,-211.4521,-53.86662,80,0,0,98.59718,331.0092,0.6277382
1,end,False,148.3393,-216.0488,-69.74949,80,0,0,98.80707,338.3998,0.7110944
1,end,False,146.1145,-222.566,-81.50279,80,0,0,99.01882,345.7432,0.6380462
1,end,False,143.1499,-231.0166,-90.40358,80,0,0,99.22856,354.113,0.6082696
1,end,False,141.2713,-237.4759,-96.91302,80,0,0,99.43895,360.7501,0.3557705
1,end,False,141.2905,-239.8491,-102.409,80,0,0,99.64919,364.3543,0.3041255
1,end,False,141.431,-240.5274,-109.0868,80,0,0,99.85832,366.9339,0.321643
1,end,False,141.738,-240.4499,-117.4964,80,0,0,100.0667,369.5716,0.455721
1,end,False,141.5279,-240.8701,-125.6504,80,0,0,100.2747,372.5262,0.3713651
1,end,False,141.0628,-241.165,-130.1935,80,0,0,100.4856,374.1604,0.139917
1,end,False,141.7546,-242.3044,-129.9715,80,0,0,100.6931,375.3227,0.2001963
1,end,False,145.0878,-241.9346,-120.7016,80,0,0,100.9028,373.1772,0.5819671
1,end,False,149.6925,-233.7496,-106.4415,80,0,0,101.1279,363.5608,0.8247333
1,end,False,150.3275,-221.0393,-90.35281,80,0,0,101.3453,348.4059,0.9995247
1,end,False,151.8158,-210.3961,-75.8724,80,0,0,101.5681,336.3548,0.5836765
1,end,False,153.2949,-209.59,-72.52365,80,0,0,101.7917,335.5911,0.2103422
1,end,False,155.4075,-210.8071,-77.71082,80,0,0,101.9842,338.7613,0.3707958
1,end,False,156.1942,-213.8756,-85.50042,80,0,0,102.1988,343.6129,0.3968056
1,end,False,154.095,-219.0882,-94.62009,80,0,0,102.4102,349.5025,0.5901802
1,end,False,149.096,-224.9627,-104.6509,80,0,0,102.6178,355.2234,0.5006411
1,end,False,147.0186,-229.0896,-109.5743,80,0,0,102.8263,359.3847,0.1926693
1,end,False,148.1394,-230.5055,-105.9509,80,0,0,103.0348,359.9785,0.4798785
1,end,False,151.978,-221.862,-91.60426,80,0,0,103.2388,350.1561,1.004748
1,end,False,152.9501,-205.2089,-74.00356,80,0,0,103.4867,331.9855,0.988305
1,end,False,153.3549,-198.7926,-61.97438,80,0,0,103.7124,324.1664,0.5222914
1,end,False,151.4508,-198.412,-49.65767,80,0,0,103.932,320.806,0.6252596
1,end,False,147.1776,-204.091,-35.34293,80,0,0,104.153,321.8975,0.8106927
1,end,False,148.8504,-210.9637,-20.49476,80,0,0,104.3782,327.4697,0.7009249
1,end,False,147.5417,-215.0196,-7.585034,80,0,0,104.6074,329.9434,0.6109408
1,end,False,144.2246,-216.3512,5.943188,80,0,0,104.831,329.6363,0.6208178
1,end,False,144.4781,-217.2144,18.27044,80,0,0,105.0553,330.9745,0.3871351
1,end,False,144.4567,-220.6478,23.27659,80,0,0,105.2662,334.363,0.3668204
1,end,False,144.5607,-224.8365,23.10429,80,0,0,105.4796,338.167,0.1948954
1,end,False,146.1007,-229.8089,20.1443,80,0,0,105.6902,343.1221,0.3224143
1,end,False,147.0875,-234.2883,18.86533,80,0,0,105.9005,347.5165,0.2559303
1,end,False,150.1504,-238.2442,18.84649,80,0,0,106.1148,352.3913,0.2968598
1,end,False,152.8134,-243.2754,18.46785,80,0,0,106.3186,358.0503,0.3087281
1,end,False,145.9605,-247.1755,18.06481,80,0,0,106.5295,358.7125,0.4628317
1,end,False,135.6841,-247.2141,18.07956,80,0,0,106.7374,354.6916,0.5639226
1,end,False,117.9526,-246.4898,18.50466,80,0,0,106.9484,347.6361,0.9107502
1,end,False,99.84727,-245.7441,18.67202,80,0,0,107.1585,341.2145,0.7298136
1,end,False,88.81911,-245.4633,17.92605,80,0,0,107.3664,337.841,0.3967665
1,end,False,82.67684,-246.157,16.43856,80,0,0,107.5762,336.874,0.2198463
1,end,False,80.13236,-246.6909,15.21399,80,0,0,107.7849,336.7189,0.09092063
1,end,False,78.52264,-247.0216,14.81264,80,0,0,107.9933,336.6428,0.07764437
1,end,False,78.45188,-247.1867,14.73669,80,0,0,108.2029,336.7833,0.005960861
1,end,False,78.51817,-247.2577,14.85965,80,0,0,108.4105,336.8731,0.00487438
1,end,False,78.49772,-247.2068,14.90647,80,0,0,108.6193,336.821,0.009327626
1,end,False,78.50411,-247.236,14.90642,80,0,0,108.8298,336.8509,0.00467037
1,end,False,78.51507,-247.2358,14.88987,80,0,0,109.0355,336.8524,0.001153197
1,end,False,78.50182,-247.2171,14.90184,80,0,0,109.2464,336.8317,0.002335273
1,end,False,78.50172,-247.2184,14.88648,80,0,0,109.4541,336.8324,0.003611879
1,end,False,78.41695,-247.2523,14.93604,80,0,0,109.664,336.8477,0.006193622
1,end,False,78.40196,-247.2583,14.94454,80,0,0,109.8726,336.8503,0.0009921773
1,end,False,78.39841,-247.2598,14.94831,80,0,0,110.0819,336.8512,0.001911495
1,end,False,78.38887,-247.2622,14.94261,80,0,0,110.2906,336.851,0.004175116
1,end,False,78.38728,-247.2489,14.9396,80,0,0,110.4997,336.8376,0.002530186
1,end,False,78.40199,-247.2575,14.9381,80,0,0,110.7079,336.8494,0.002551909
1,end,False,78.41507,-247.2565,14.94619,80,0,0,110.9174,336.8518,0.001685941
1,end,False,78.41063,-247.266,14.95373,80,0,0,111.1258,336.8603,0.001975138
1,end,False,78.39567,-247.278,14.96928,80,0,0,111.3344,336.8692,0.004787551
1,end,False,78.39041,-247.2664,14.98026,80,0,0,111.5447,336.8572,0.003643282
1,end,False,78.38367,-247.282,14.97737,80,0,0,111.7509,336.8706,0.001728048
1,end,False,78.36916,-247.2944,14.96956,80,0,0,111.9615,336.879,0.001504131
1,end,False,78.3623,-247.3062,14.97973,80,0,0,112.1696,336.8893,0.002310468
1,end,False,78.35785,-247.3071,14.97559,80,0,0,112.3793,336.8889,0.002252194
1,end,False,78.37112,-247.2811,14.97262,80,0,0,112.5879,336.8666,0.003303122
1,end,False,78.3819,-247.2641,14.94418,80,0,0,112.7968,336.8514,0.002437093
1,end,False,78.40974,-247.255,14.95842,80,0,0,113.0057,336.8497,0.002084202
1,end,False,78.407,-247.2482,14.93445,80,0,0,113.2146,336.8413,0.001626808
1,end,False,78.41726,-247.2547,14.94161,80,0,0,113.4231,336.8503,0.002379717
1,end,False,78.40245,-247.2551,14.93993,80,0,0,113.6321,336.8472,0.002241028
1,end,False,78.40727,-247.2549,14.93119,80,0,0,113.8407,336.8478,0.001541789
1,end,False,78.41003,-247.2576,14.94005,80,0,0,114.0495,336.8514,0.001897975
1,end,False,78.41161,-247.2538,14.92859,80,0,0,114.2598,336.8476,0.001743229
1,end,False,78.41984,-247.2674,14.93581,80,0,0,114.4656,336.863,0.003531474
1,end,False,78.39676,-247.2624,14.94172,80,0,0,114.6764,336.8531,0.001827906
1,end,False,78.39697,-247.2609,14.93675,80,0,0,114.8846,336.8514,0.0009380165
1,end,False,78.40229,-247.2442,14.93186,80,0,0,115.094,336.8362,0.00315226
1,end,False,78.39734,-247.2555,14.93579,80,0,0,115.3027,336.8462,0.001856165
1,end,False,78.40543,-247.2667,14.95062,80,0,0,115.512,336.8596,0.001529879
1,end,False,78.41343,-247.2612,14.94783,80,0,0,115.7202,336.856,0.001176417
1,end,False,78.41234,-247.2555,14.92926,80,0,0,115.9302,336.8495,0.005734663
1,end,False,78.40274,-247.2957,14.94827,80,0,0,116.1383,336.8871,0.004065991
1,end,False,78.36575,-247.3197,14.98235,80,0,0,116.3476,336.9033,0.004161022
1,end,False,78.35934,-247.3647,14.92605,80,0,0,116.5559,336.9431,0.003947997
1,end,False,78.36409,-247.3003,14.95775,80,0,0,116.7648,336.883,0.004534721
1,end,False,78.38633,-247.27,14.93794,80,0,0,116.974,336.8578,0.004737603
1,end,False,78.36812,-247.2882,14.95263,80,0,0,117.1811,336.8719,0.003372529
1,end,False,78.40515,-247.2728,14.92214,80,0,0,117.3919,336.8642,0.0006543241
1,end,False,78.42596,-247.2785,14.94852,80,0,0,117.6002,336.8758,0.002244131
1,end,False,78.4222,-247.2774,14.96968,80,0,0,117.8094,336.8748,0.001742304
1,end,False,78.38734,-247.2834,14.97202,80,0,0,118.0178,336.8726,0.001705848
1,end,False,78.37679,-247.2948,14.97801,80,0,0,118.2271,336.8815,0.00200676
1,end,False,78.37051,-247.2944,14.94134,80,0,0,118.4355,336.8781,0.002042895
1,end,False,78.37677,-247.2963,14.91832,80,0,0,118.6452,336.8803,0.002815844
1,end,False,78.39011,-247.2967,14.90847,80,0,0,118.8524,336.8834,0.003206244
1,end,False,78.38322,-247.2973,14.90261,80,0,0,119.0625,336.8821,0.002639429
1,end,False,78.40529,-247.2758,14.91172,80,0,0,119.2709,336.8667,0.002715791
1,end,False,78.40486,-247.2888,14.911,80,0,0,119.4793,336.8793,0.001173599
1,end,False,78.39336,-247.288,14.91117,80,0,0,119.6904,336.8758,0.003143349
1,end,False,78.40314,-247.2792,14.91643,80,0,0,119.8956,336.8697,0.002157952
1,end,False,78.39133,-247.2726,14.92602,80,0,0,120.1066,336.861,0.002894788
1,end,False,78.35487,-247.2867,14.94936,80,0,0,120.3144,336.8672,0.001545104
1,end,False,78.35248,-247.2965,14.94916,80,0,0,120.524,336.8762,0.002206628
1,end,False,78.36433,-247.29,14.96763,80,0,0,120.7326,336.8735,0.005182215
1,end,False,78.36744,-247.2688,14.97343,80,0,0,120.9418,336.8539,0.000385809
1,end,False,78.39374,-247.2703,14.95047,80,0,0,121.1507,336.8604,0.002585157
1,end,False,78.39018,-247.2644,14.94953,80,0,0,121.4089,336.8538,0.001514111
1,end,False,74.74332,-249.5945,15.13295,80,0,0,939.6231,338.3018,0.1444178
1,end,False,73.18346,-250.0092,14.58573,80,0,0,939.8291,338.341,0.07145913
1,end,False,72.61388,-250.0143,13.89962,80,0,0,940.0435,338.1944,0.1103072
1,end,False,71.93546,-250.0089,13.36128,80,0,0,940.2645,338.0223,0.03993771
1,end,False,72.31174,-249.8405,13.10135,80,0,0,940.4756,337.9281,0.03116247
1,end,False,164.7196,-211.3296,33.86942,80,0,0,940.7059,336.3817,0.1238924
1,end,False,165.1752,-207.7151,33.76773,80,0,0,940.9487,333.4712,0.2688046
1,end,False,165.7936,-204.5909,33.11126,80,0,0,941.1503,331.0224,0.1619669
1,end,False,166.0449,-200.516,33.91263,80,0,0,941.4064,327.735,0.1368159
1,end,False,163.7575,-199.2538,33.89697,80,0,0,941.6624,325.4969,0.1771813
1,end,False,158.5639,-202.8257,31.58338,80,0,0,941.9102,325.7766,0.3067193
1,end,False,158.2478,-206.7049,31.15806,80,0,0,942.1389,328.9572,0.1475124
1,end,False,159.8246,-207.793,31.48377,80,0,0,942.3374,330.6961,0.0826698
1,end,False,167.9736,-205.3949,29.48604,80,0,0,942.5632,332.4677,0.4249298
1,end,False,171.0691,-193.7843,30.53792,80,0,0,942.8078,324.2762,0.4087357
1,end,False,171.1278,-189.4835,36.73672,80,0,0,943.0633,321.3342,0.206582
1,end,False,171.1584,-190.2819,41.20469,80,0,0,943.3137,322.5605,0.1446604
1,end,False,170.748,-192.2806,42.35753,80,0,0,943.5221,324.1693,0.1051359
1,end,False,170.6365,-192.57,37.91462,80,0,0,943.7307,323.8036,0.4803801
1,end,False,171.9594,-196.7363,30.81785,80,0,0,943.9395,327.2655,0.404815
1,end,False,171.2827,-200.7888,29.69181,80,0,0,944.1711,330.2449,0.133134
1,end,False,170.8487,-202.1301,30.4029,80,0,0,944.3876,331.2265,0.04756257
1,end,False,169.9523,-202.7349,29.93557,80,0,0,944.6165,331.2385,0.03415217
1,end,False,169.03,-202.086,29.33489,80,0,0,944.8274,330.1578,0.09002251
1,end,False,165.5818,-202.4462,27.41087,80,0,0,945.0336,328.5492,0.2799407
1,end,False,160.9423,-204.4302,26.2188,80,0,0,945.2417,327.8573,0.2330453
1,end,False,159.4128,-204.9627,26.70498,80,0,0,945.4526,327.6116,0.05004608
1,end,False,159.7285,-204.8222,27.67579,80,0,0,945.6632,327.7238,0.05446248
1,end,False,160.7015,-203.7745,28.66896,80,0,0,945.8732,327.3757,0.07697371
1,end,False,162.7411,-202.1404,26.90616,80,0,0,946.0833,326.8208,0.2401935
1,end,False,164.3,-198.949,26.38382,80,0,0,946.29,324.8125,0.1688872
1,end,False,165.9445,-197.4808,29.46241,80,0,0,946.4915,324.6555,0.1603826
1,end,False,167.6198,-198.4135,31.33987,80,0,0,946.7539,326.4853,0.09720193
1,end,False,167.9865,-199.6866,31.81868,80,0,0,946.9752,327.8056,0.04727084
1,end,False,168.3824,-200.8463,32.05582,80,0,0,947.1946,329.021,0.07182571
1,end,False,168.5795,-201.6939,32.0251,80,0,0,947.4195,329.8426,0.05750463
1,end,False,168.8467,-202.3665,32.05099,80,0,0,947.6418,330.5561,0.02639339
1,end,False,168.7807,-202.9473,31.81002,80,0,0,947.8652,330.9955,0.04463935
1,end,False,169.3802,-203.3353,31.44682,80,0,0,948.0873,331.5983,0.05687224
1,end,False,169.5903,-203.5878,31.01286,80,0,0,948.3126,331.8806,0.04487339
1,end,False,168.6442,-204.1418,29.96714,80,0,0,948.5342,331.7762,0.08817061
1,end,False,164.1379,-207.951,29.27877,80,0,0,948.7622,332.7375,0.4421204
1,end,False,158.9432,-213.31,29.95371,80,0,0,948.9561,334.9491,0.2738968
1,end,False,153.7161,-220.2803,32.20081,80,0,0,949.1694,338.8714,0.4839013
1,end,False,146.3665,-229.4168,33.88402,80,0,0,949.381,343.9623,0.5482135
1,end,False,140.2218,-234.4414,34.3421,80,0,0,949.5891,345.9984,0.2347872
1,end,False,138.7638,-235.8243,34.31628,80,0,0,949.7988,346.667,0.02310899
1,end,False,139.1554,-235.5864,34.49448,80,0,0,950.0067,346.625,0.03211534
1,end,False,139.146,-235.6886,34.12002,80,0,0,950.2164,346.6772,0.01158769
1,end,False,139.6711,-235.4307,32.81496,80,0,0,950.4247,346.5276,0.1063155
1,end,False,142.3706,-232.5156,30.25294,80,0,0,950.6301,344.7472,0.3472492
1,end,False,150.0423,-224.4458,25.71255,80,0,0,950.8726,340.3837,0.5522048
1,end,False,156.7549,-216.1749,24.42459,80,0,0,951.0907,335.9884,0.4668517
1,end,False,161.8097,-209.6025,25.56439,80,0,0,951.3124,332.7244,0.3681613
1,end,False,163.9458,-204.9057,29.62159,80,0,0,951.5342,330.0408,0.2562152
1,end,False,164.9491,-202.6392,31.18345,80,0,0,951.7661,328.7332,0.08387318
1,end,False,165.2776,-204.4709,30.94992,80,0,0,951.9755,330.4516,0.1119677
1,end,False,165.744,-205.8359,31.95622,80,0,0,952.1993,331.9555,0.05128174
1,end,False,166.1964,-206.5868,31.90274,80,0,0,952.4249,332.8228,0.04024024
1,end,False,166.9203,-207.1029,32.28687,80,0,0,952.6485,333.6658,0.05873996
1,end,False,167.4592,-205.9099,32.79239,80,0,0,952.874,332.9601,0.06941076
1,end,False,167.6793,-204.5,33.1341,80,0,0,953.0961,331.8953,0.07847446
1,end,False,167.9525,-204.2835,32.20431,80,0,0,953.3237,331.7563,0.07110956
1,end,False,165.9354,-203.5766,32.3445,80,0,0,953.5497,330.146,0.1325536
1,end,False,162.1993,-206.2843,33.37378,80,0,0,953.7604,330.7282,0.3073389
1,end,False,158.9641,-212.3539,37.49635,80,0,0,953.9722,334.8827,0.4466123
1,end,False,156.2603,-221.7203,40.72114,80,0,0,954.1833,342.2144,0.5150672
1,end,False,152.5042,-229.1255,41.9467,80,0,0,954.3932,347.24,0.2834366
1,end,False,151.75,-231.6031,41.64992,80,0,0,954.6001,349.0835,0.08967981
1,end,False,158.8356,-228.7795,36.20078,80,0,0,954.8071,349.1189,0.6450946
1,end,False,166.0845,-216.9774,33.45033,80,0,0,955.025,341.9044,0.7671239
1,end,False,168.8946,-204.9068,32.18709,80,0,0,955.2415,332.7661,0.5458993
1,end,False,170.5162,-194.8255,31.01675,80,0,0,955.4615,324.9105,0.4635795
1,end,False,170.5742,-188.4722,31.15046,80,0,0,955.6835,319.5985,0.2047879
1,end,False,170.7154,-188.0561,30.02813,80,0,0,955.903,319.217,0.07959648
1,end,False,171.5031,-192.78,29.03135,80,0,0,956.1631,323.5198,0.2128377
1,end,False,171.5633,-196.9736,27.78331,80,0,0,956.3721,326.9867,0.2091814
1,end,False,171.2161,-200.2998,26.39107,80,0,0,956.5802,329.5139,0.1435788
1,end,False,170.1787,-202.8601,23.87994,80,0,0,956.7899,330.9696,0.2284741
1,end,False,167.5172,-203.5284,19.68159,80,0,0,957.0433,329.9056,0.2150015
1,end,False,165.0906,-201.698,20.05045,80,0,0,957.2676,327.1248,0.2429348
1,end,False,164.2051,-199.8919,20.24705,80,0,0,957.4899,325.1349,0.1036937
1,end,False,163.5518,-199.3067,19.53924,80,0,0,957.7122,324.258,0.02178954
1,end,False,163.1566,-199.826,18.68746,80,0,0,957.9485,324.4563,0.03933467
1,end,False,163.1787,-200.9571,18.17526,80,0,0,958.1848,325.4143,0.06481101
1,end,False,162.9002,-201.9197,18.21751,80,0,0,958.3798,326.109,0.08286327
1,end,False,163.2189,-203.4779,18.6147,80,0,0,958.6588,327.638,0.07309764
1,end,False,163.2939,-205.1676,18.50233,80,0,0,958.8662,329.1319,0.07195058
1,end,False,163.1924,-206.7212,18.07963,80,0,0,959.0756,330.4053,0.09696946
1,end,False,163.0663,-207.6916,17.9393,80,0,0,959.2711,331.178,0.01805517
1,end,False,163.9442,-208.0818,17.49285,80,0,0,959.5218,331.926,0.06784138
1,end,False,164.5813,-208.4817,17.33455,80,0,0,959.7608,332.5795,0.04029053
1,end,False,165.082,-208.3867,16.70886,80,0,0,959.9825,332.7133,0.04033976
1,end,False,166.5864,-207.1909,15.97213,80,0,0,960.2089,332.3925,0.1004459
1,end,False,169.2581,-204.2736,16.3725,80,0,0,960.4299,331.2519,0.2043438
1,end,False,170.4672,-201.6134,17.59489,80,0,0,960.6558,329.6586,0.1030929
1,end,False,169.5055,-200.2402,17.35779,80,0,0,960.8812,327.9756,0.07877019
1,end,False,169.1706,-199.2853,17.03654,80,0,0,961.1115,326.9697,0.07289497
1,end,False,168.6095,-198.0499,15.59753,80,0,0,961.3039,325.5521,0.1000559
1,end,False,168.6802,-197.7429,13.64964,80,0,0,961.5408,325.2391,0.09553896
1,end,False,167.937,-198.1099,12.34525,80,0,0,961.763,325.1159,0.08713856
1,end,False,166.9314,-198.566,11.94479,80,0,0,961.9792,324.9735,0.04353578
1,end,False,165.7723,-198.0861,12.25884,80,0,0,962.1996,323.9793,0.1218923
1,end,False,165.2475,-196.747,13.44244,80,0,0,962.4196,322.6087,0.07598811
1,end,False,165.1106,-196.6532,13.99543,80,0,0,962.6412,322.4816,0.03218954
1,end,False,165.8501,-196.9722,14.78623,80,0,0,962.9031,323.1694,0.09682562
1,end,False,166.6263,-197.1262,16.53801,80,0,0,963.1172,323.785,0.1167456
1,end,False,167.1756,-197.3455,18.61204,80,0,0,963.3196,324.368,0.08464915
1,end,False,167.2199,-197.6905,19.94808,80,0,0,963.5273,324.7652,0.05788591
1,end,False,167.3171,-198.6101,20.86188,80,0,0,963.7365,325.659,0.05467414
1,end,False,167.6137,-199.5394,21.5368,80,0,0,963.945,326.6504,0.04823243
1,end,False,167.4496,-200.0586,22.55382,80,0,0,964.1541,327.0793,0.05978984
1,end,False,167.2151,-200.3931,23.06281,80,0,0,964.3624,327.2813,0.02632807
1,end,False,166.9631,-200.7327,24.11764,80,0,0,964.5731,327.5197,0.05261778
1,end,False,167.7127,-201.1864,23.84615,80,0,0,964.7816,328.2712,0.05734893
1,end,False,167.9991,-201.5292,23.31362,80,0,0,964.9896,328.6729,0.0478717
1,end,False,168.9338,-201.0617,22.25116,80,0,0,965.1978,328.6783,0.1095984
1,end,False,169.2073,-199.9683,21.60575,80,0,0,965.4069,327.8417,0.1197532
1,end,False,168.9659,-198.1586,22.60155,80,0,0,965.6158,326.24,0.1655804
1,end,False,169.0581,-196.466,25.26376,80,0,0,965.8243,325.0421,0.1850438
1,end,False,168.4573,-193.438,29.4928,80,0,0,966.0337,322.5152,0.3460532
1,end,False,167.6759,-192.0328,34.41651,80,0,0,966.2434,321.4056,0.1377378
1,end,False,166.8138,-192.7113,35.948,80,0,0,966.4548,321.6995,0.1079344
1,end,False,167.5779,-194.0695,34.38338,80,0,0,966.6619,323.0768,0.1944491
1,end,False,167.1793,-195.2269,29.73425,80,0,0,966.9263,323.3928,0.2349316
1,end,False,168.4975,-195.3531,24.22794,80,0,0,967.1917,323.7248,0.2182806
1,end,False,168.5273,-197.4176,20.09648,80,0,0,967.398,325.2166,0.1874384
1,end,False,168.8817,-198.445,17.59126,80,0,0,967.6065,326.132,0.07640454
1,end,False,169.3129,-198.2901,17.23998,80,0,0,967.8162,326.2046,0.05633079
1,end,False,168.5343,-197.3436,18.95199,80,0,0,968.0242,325.0884,0.1160619
1,end,False,166.1365,-197.3273,21.71381,80,0,0,968.2352,324.0112,0.2198564
1,end,False,165.8136,-197.0734,23.86365,80,0,0,968.4427,323.7797,0.104018
1,end,False,165.996,-196.1751,24.82722,80,0,0,968.6505,323.1776,0.05874347
1,end,False,165.6678,-196.3498,24.74293,80,0,0,968.8594,323.152,0.06375571
1,end,False,165.946,-197.2484,24.61453,80,0,0,969.0692,324.0535,0.0636106
1,end,False,166.3934,-196.9932,24.65762,80,0,0,969.2775,324.0679,0.06651545
1,end,False,166.7676,-197.0247,24.06684,80,0,0,969.4858,324.2427,0.0517976
1,end,False,167.4197,-196.4784,22.99684,80,0,0,969.6956,324.0347,0.07750745
1,end,False,167.9324,-195.9104,22.6363,80,0,0,969.9044,323.7905,0.05244245
1,end,False,168.629,-195.6245,22.68091,80,0,0,970.1122,323.9121,0.100717
1,end,False,170.003,-196.0155,23.20212,80,0,0,970.3207,324.9984,0.07611133
1,end,False,171.0829,-196.6819,24.37692,80,0,0,970.5297,326.2154,0.09983159
1,end,False,171.1196,-196.9956,24.8385,80,0,0,970.7383,326.5354,0.01691042
1,end,False,170.8974,-196.4994,22.70034,80,0,0,970.9489,325.8423,0.1134978
1,end,False,170.482,-198.0263,17.4798,80,0,0,971.1569,326.6011,0.2886685
1,end,False,169.9629,-202.5318,12.46947,80,0,0,971.386,329.9501,0.2353968
1,end,False,169.1561,-202.0658,13.43864,80,0,0,971.6159,329.1739,0.2404153
1,end,False,168.5122,-196.8007,16.25181,80,0,0,971.8295,324.4674,0.3730711
1,end,False,167.1385,-193.9354,19.7001,80,0,0,972.0408,321.5027,0.182831
1,end,False,165.2843,-196.5354,23.25911,80,0,0,972.2509,323.0042,0.3080867
1,end,False,162.9733,-200.6113,26.81827,80,0,0,972.4637,325.6105,0.2848147
1,end,False,162.8421,-204.4588,28.49466,80,0,0,972.6718,329.0081,0.1545914
1,end,False,163.2385,-207.0471,27.83011,80,0,0,972.8802,331.3871,0.177877
1,end,False,164.9096,-207.9481,25.32863,80,0,0,973.09,332.7924,0.1385059
1,end,False,166.1174,-207.1626,24.85496,80,0,0,973.3021,332.6788,0.1072989
1,end,False,166.2709,-206.1304,30.03808,80,0,0,973.5124,332.2934,0.3479798
1,end,False,165.3573,-202.9265,34.99558,80,0,0,973.7158,329.5681,0.2627213
1,end,False,165.7853,-201.8667,33.8363,80,0,0,973.9216,328.7529,0.2839241
1,end,False,168.1294,-200.1932,26.48261,80,0,0,974.1357,327.8369,0.2952814
1,end,False,168.2841,-202.1915,24.71774,80,0,0,974.3402,329.4883,0.2471039
1,end,False,168.4094,-208.5693,22.56762,80,0,0,974.5586,334.8779,0.4533473
1,end,False,167.0665,-215.34,19.23336,80,0,0,974.7952,339.863,0.3686118
1,end,False,163.7386,-217.7072,17.12047,80,0,0,975.0168,340.1955,0.1157808
1,end,False,161.6647,-214.7159,16.79823,80,0,0,975.2429,336.5637,0.273085
1,end,False,160.396,-210.6912,15.97553,80,0,0,975.453,332.3905,0.1603866
1,end,False,160.3118,-208.9587,15.82576,80,0,0,975.6619,330.8285,0.05719965
1,end,False,161.6097,-208.6774,15.15174,80,0,0,975.8702,331.1826,0.07779487
1,end,False,163.98,-209.2749,14.55167,80,0,0,976.0786,332.838,0.1238935
1,end,False,166.6862,-210.8332,14.08953,80,0,0,976.3089,335.5097,0.1110985
1,end,False,167.238,-208.9346,14.72617,80,0,0,976.5174,334.1685,0.1925627
1,end,False,167.1324,-205.1498,17.11955,80,0,0,976.7347,330.9633,0.2354977
1,end,False,167.3373,-201.2898,19.97979,80,0,0,976.9651,327.9099,0.3258725
1,end,False,167.9066,-196.1478,23.73425,80,0,0,977.171,324.0579,0.3133436
1,end,False,168.3078,-191.0547,28.57842,80,0,0,977.3795,320.3356,0.3278405
1,end,False,167.8641,-186.4943,32.13563,80,0,0,977.5886,316.5917,0.2133562
1,end,False,168.0189,-185.3159,32.45139,80,0,0,977.7989,315.715,0.04275768
1,end,False,168.2979,-186.5639,30.91865,80,0,0,978.0072,316.7593,0.1230005
1,end,False,168.5616,-188.8977,28.75974,80,0,0,978.2156,318.663,0.1604845
1,end,False,168.6399,-191.8748,27.3182,80,0,0,978.424,321.0944,0.164598
1,end,False,168.8671,-194.2333,26.56977,80,0,0,978.6337,323.1501,0.09768352
1,end,False,168.7479,-196.1838,25.68303,80,0,0,978.841,324.6737,0.1149059
1,end,False,168.5278,-197.3373,24.87861,80,0,0,979.0523,325.479,0.05128264
1,end,False,168.6954,-198.3008,24.72712,80,0,0,979.2743,326.3754,0.02540846
1,end,False,168.7539,-198.5814,24.36712,80,0,0,979.4994,326.6179,0.04209741
1,end,False,168.6834,-198.5871,24.08557,80,0,0,979.7227,326.5655,0.006618651
1,end,False,168.6229,-198.7022,24.05614,80,0,0,979.9705,326.6302,0.009409371
1,end,False,168.5616,-198.9961,24.11467,80,0,0,980.1918,326.8537,0.01900755
1,end,False,168.2596,-199.6185,23.10205,80,0,3.093774,980.4157,325.5764,0.01455022
1,Eye_Level,False,168.1749,-200.1074,22.92554,80,0,24.15907,980.6403,315.7946,0.03705282
1,Eye_Level,False,168.162,-201.3737,20.9967,80,0,59.47202,980.8773,302.3666,0.2063892
1,Eye_Level,False,165.3667,-207.6188,15.5652,80,0,97.44038,981.1047,295.9406,0.4411973
1,Eye_Level,False,164.2907,-210.238,17.60111,80,0,129.8695,981.3231,292.8015,0.0927844
1,Eye_Level,False,163.32,-209.0392,19.79079,80,0,148.6524,981.5401,290.087,0.1334701
1,Eye_Level,False,161.8582,-208.171,22.19929,80,0,150,981.7481,289.2679,0.1074048
1,Eye_Level,False,160.5207,-208.3749,24.31934,80,0,150,981.9601,289.5897,0.1048762
1,Eye_Level,False,160.2132,-210.6391,27.79283,80,0,150,982.1686,292.1436,0.2457607
1,Eye_Level,False,159.5847,-215.2144,32.16964,80,0,150,982.3784,297.1166,0.3132125
1,Eye_Level,False,158.8354,-221.5575,35.3338,80,0,150,982.5892,303.749,0.3394839
1,Eye_Level,False,157.2468,-226.3658,36.96006,80,0,150,982.7944,308.6723,0.19163
1,Eye_Level,False,156.8482,-229.6174,36.93282,80,0,150,983.0052,311.8875,0.1193152
1,Eye_Level,False,156.3721,-231.7533,36.48657,80,0,150,983.2114,313.9458,0.08937554
1,Eye_Level,False,156.1762,-233.4685,35.81682,80,0,150,983.4225,315.5685,0.08187207
1,Eye_Level,False,157.081,-235.1217,32.45124,80,0,150,983.6302,316.8673,0.4367989
1,Eye_Level,False,160.343,-232.1072,25.17923,80,0,150,983.8365,313.292,0.3378225
1,Eye_Level,False,163.4148,-225.1745,18.59589,80,0,150,984.0919,306.0347,0.5999098
1,Eye_Level,False,166.4591,-210.9601,21.24383,80,0,150,984.3074,292.1986,0.5066799
1,Eye_Level,False,168.49,-203.7774,26.63036,80,0,150,984.5652,285.6233,0.3098129
1,Eye_Level,False,170.431,-198.8095,30.60766,80,0,150,984.7737,281.2277,0.3697147
1,Eye_Level,False,170.5773,-188.5188,37.67181,80,0,150,984.9823,271.9282,0.6898893
1,Eye_Level,False,170.8441,-173.8114,46.05341,80,0,150,985.1928,258.7965,0.8324764
1,Eye_Level,False,170.8878,-159.0778,52.73489,80,0,150,985.4013,245.7142,0.7674497
1,Eye_Level,False,167.8221,-143.5303,55.75653,80,0,150,985.6089,231.0676,0.7761732
1,Eye_Level,False,167.4808,-121.5609,52.70131,80,0,150,985.877,209.0689,0.8295501
1,Eye_Level,False,171.6615,-101.585,52.18318,80,0,150,986.1135,190.1721,0.7959067
1,Eye_Level,False,169.0541,-82.97819,56.27861,80,0,150,986.3372,173.4711,0.8647571
1,Eye_Level,False,169.2162,-63.47897,64.32603,80,0,150,986.563,158.4087,0.9573303
1,Eye_Level,False,171.7808,-42.95761,70.56207,80,0,150,986.787,143.4294,0.9698418
1,Eye_Level,False,169.4432,-22.97351,72.18749,80,0,150,987.0105,127.2502,0.923887
1,Eye_Level,False,168.7054,-1.310802,69.98643,80,0,150,987.2361,108.901,1.057716
1,Eye_Level,False,171.2266,19.8935,70.15771,80,0,150,987.4608,94.79169,0.8801348
1,Eye_Level,False,169.8249,39.41471,71.88062,80,0,150,987.6834,84.89414,0.8769848
1,Eye_Level,False,168.6251,60.57785,75.87579,80,0,150,987.9081,80.5062,0.9984909
1,Eye_Level,False,172.1416,83.92436,80.36419,80,0,150,988.1302,83.45093,1.108199
1,Eye_Level,False,169.7852,108.1372,78.59539,80,0,150,988.3553,85.79273,1.164834
1,Eye_Level,False,168.6252,130.8292,72.04734,80,0,150,988.552,90.1184,0.9876597
1,Eye_Level,False,171.8822,154.304,66.01433,80,0,150,988.7645,101.7733,1.05286
1,Eye_Level,False,170.208,176.4557,61.5867,80,0,150,988.9725,116.211,1.146447
1,Eye_Level,False,168.287,201.4802,58.18776,80,0,150,989.1842,135.9326,1.231852
1,Eye_Level,False,172.3872,225.2105,51.73334,80,0,150,989.3939,155.7679,1.137516
1,Eye_Level,False,169.6237,245.7173,42.08478,80,0,150,989.6058,172.1001,1.010195
1,Eye_Level,False,167.2255,263.8232,29.45312,80,0,150,989.8156,186.963,0.9954669
1,Eye_Level,False,169.7556,280.146,20.10001,80,0,150,990.0262,202.1205,0.8080048
1,Eye_Level,False,167.9704,293.7282,14.11809,80,0,150,990.2371,214.9465,0.6401003
1,Eye_Level,False,166.6254,309.4208,11.15025,80,0,150,990.4452,230.2926,0.8452428
1,Eye_Level,False,166.6977,322.7519,7.270706,80,0,150,990.655,243.4341,0.5119627
1,Eye_Level,False,165.714,330.6888,3.383863,80,0,150,990.8643,251.2037,0.423625
1,Eye_Level,False,163.8359,337.1048,0.4778743,80,0,150,991.0737,257.4772,0.2988383
1,Eye_Level,False,162.8973,340.6613,-0.892365,80,0,150,991.2806,260.9817,0.1492255
1,Eye_Level,False,162.4902,342.0904,-0.8763909,80,0,150,991.489,262.3893,0.04014652
1,Eye_Level,False,162.6628,342.4569,-0.6046891,80,0,150,991.6972,262.7629,0.04353699
1,Eye_Level,False,162.5814,343.5151,0.07466078,80,0,150,991.9081,263.8153,0.08495653
1,Eye_Level,False,162.7525,343.8038,1.755607,80,0,150,992.116,264.1177,0.1152643
1,Eye_Level,False,164.0108,342.443,5.251968,80,0,150,992.3254,262.8692,0.2796257
1,Eye_Level,False,166.3009,338.0209,14.56446,80,0,150,992.5631,258.9452,0.6249088
1,Eye_Level,False,166.813,327.7428,24.06544,80,0,150,992.7646,249.4761,0.554581
1,Eye_Level,False,166.7079,319.672,28.67059,80,0,150,992.9705,241.9583,0.3564297
1,Eye_Level,False,167.4817,315.265,34.34809,80,0,150,993.2056,238.4009,0.3095774
1,Eye_Level,False,167.9892,316.7753,40.98533,80,0,150,993.4137,240.9688,0.4151187
1,Eye_Level,False,168.1993,324.5315,43.6889,80,0,150,993.627,249.0695,0.4241245
1,Eye_Level,False,167.371,324.5732,35.34664,80,0,150,993.8411,247.7241,0.6297317
1,Eye_Level,False,166.4225,311.5034,37.10011,80,0,150,994.0513,235.0318,0.7784138
1,Eye_Level,False,167.3607,304.273,40.59705,80,0,150,994.2845,228.578,0.2912375
1,Eye_Level,False,168.2609,298.8347,42.62737,80,0,150,994.5062,223.6944,0.3223282
1,Eye_Level,False,169.0186,293.5925,46.50668,80,0,150,994.7559,219.4227,0.346139
1,Eye_Level,False,170.5818,284.7613,55.90934,80,0,150,995.0062,213.2525,0.6304408
1,Eye_Level,False,171.1329,274.4647,65.71997,80,0,150,995.2567,206.3546,0.5286685
1,Eye_Level,False,169.1223,263.5058,61.93627,80,0,150,995.5076,194.6179,0.583167
1,Eye_Level,False,169.4376,266.134,58.52617,80,0,150,995.7191,196.0842,0.2497406
1,Eye_Level,False,169.4489,266.9639,68.13683,80,0,150,995.9315,199.941,0.5792055
1,Eye_Level,False,169.0237,261.5832,81.39132,80,0,150,996.1511,199.8972,0.6139333
1,Eye_Level,False,169.6111,259.8689,92.11844,80,0,150,996.3563,203.0351,0.4943248
1,Eye_Level,False,169.7347,263.2841,99.64198,80,0,150,996.5668,209.5496,0.4288881
1,Eye_Level,False,168.2196,273.1592,107.0033,80,0,150,996.7728,221.5675,0.7823585
1,Eye_Level,False,169.226,288.9838,116.5439,80,0,150,996.9844,240.0549,0.794997
1,Eye_Level,False,170.426,302.6773,120.4021,80,0,150,997.1952,253.9666,0.5870491
1,Eye_Level,False,169.4535,311.9948,118.9817,80,0,150,997.4045,261.4511,0.3834382
1,Eye_Level,False,170.1968,318.7059,115.8793,80,0,150,997.6132,266.1136,0.3255574
1,Eye_Level,False,170.2777,325.7909,116.2262,80,0,150,997.8232,272.6406,0.3364945
1,Eye_Level,False,170.3205,333.1207,121.0672,80,0,150,998.0325,281.3188,0.4669851
1,Eye_Level,False,169.6141,340.5745,127.0859,80,0,150,998.2422,290.5763,0.4062355
1,Eye_Level,False,168.6096,344.9037,130.2298,80,0,150,998.4513,295.7703,0.1286721
1,Eye_Level,False,168.7876,345.4496,129.264,80,0,150,998.6611,295.8474,0.2688541
1,Eye_Level,False,170.8352,339.6394,124.1631,80,0,150,998.8565,288.5537,0.4347043
1,Eye_Level,False,172.2122,329.5297,119.176,80,0,150,999.0984,277.4192,0.4563335
1,Eye_Level,False,172.2114,322.7677,115.6228,80,0,150,999.3065,269.8113,0.3083727
1,Eye_Level,False,172.0315,318.4085,112.2853,80,0,150,999.5157,264.4465,0.2296568
1,Eye_Level,False,171.3315,315.5297,109.4803,80,0,150,999.726,260.6055,0.2145292
1,Eye_Level,False,170.378,307.807,107.4149,80,0,150,999.9302,252.6841,0.3857109
1,Eye_Level,False,169.5632,305.6743,112.7451,80,0,150,1000.161,253.0278,0.2145303
1,Eye_Level,False,170.3306,305.511,114.6646,80,0,150,1000.367,253.8041,0.1054987
1,Eye_Level,False,170.0259,297.5989,114.5134,80,0,150,1000.589,246.7056,0.5938249
1,Eye_Level,False,166.4333,277.7041,114.8116,80,0,150,1000.84,229.2131,0.9607074
1,Eye_Level,False,169.0927,252.6174,116.1048,80,0,150,1001.09,208.9058,0.829474
1,Eye_Level,False,170.1077,232.6319,110.9376,80,0,150,1001.341,189.7576,0.8485358
1,Eye_Level,False,168.8958,214.4787,104.2916,80,0,150,1001.551,171.2259,0.9729786
1,Eye_Level,False,172.9801,194.5646,99.10334,80,0,150,1001.758,153.2142,0.9626784
1,Eye_Level,False,170.4996,173.2835,95.91251,80,0,150,1001.968,135.356,1.121131
1,Eye_Level,False,167.9381,147.4905,96.6302,80,0,150,1002.176,119.2231,1.312461
1,Eye_Level,False,171.1129,122.4812,95.59725,80,0,150,1002.385,106.7204,1.171096
1,Eye_Level,False,168.9301,97.28124,90.7466,80,0,150,1002.594,94.29706,1.348639
1,Eye_Level,False,166.1596,72.6423,82.01646,80,0,150,1002.789,83.91644,1.161871
1,Eye_Level,False,170.9495,45.95993,73.32333,80,0,150,1003.014,83.51,1.283127
1,Eye_Level,False,166.0116,19.47513,65.81118,80,0,150,1003.237,90.8336,1.262558
1,Eye_Level,False,168.867,-7.051492,56.07911,80,0,150,1003.46,105.2558,1.136058
1,Eye_Level,False,169.3869,-29.74257,40.56488,80,0,150,1003.681,118.5951,1.337503
1,Eye_Level,False,165.5947,-50.7051,20.10431,80,0,150,1003.908,133.1586,1.312431
1,Eye_Level,False,169.162,-71.78642,4.784667,80,0,150,1004.133,153.066,1.119087
1,Eye_Level,False,165.1347,-92.01318,-7.453084,80,0,150,1004.356,172.8385,1.069518
1,Eye_Level,False,165.2183,-114.58,-18.31241,80,0,150,1004.58,196.0314,1.034303
1,Eye_Level,False,166.0244,-132.4843,-32.54107,80,0,150,1004.805,215.558,1.028727
1,Eye_Level,False,162.3771,-148.7606,-55.5532,80,0,150,1005.028,235.7345,1.452307
1,Eye_Level,False,164.7459,-163.7621,-73.22237,80,0,150,1005.242,254.9488,1.120794
1,Eye_Level,False,161.4803,-182.7841,-86.60445,80,0,150,1005.48,276.9253,0.7019076
1,Eye_Level,False,160.5492,-200.209,-96.1951,80,0,150,1005.69,296.4488,0.8471971
1,Eye_Level,False,157.8359,-216.8334,-111.2521,80,0,150,1005.901,317.0938,1.093385
1,Eye_Level,False,149.2626,-233.7101,-125.2186,80,0,150,1006.109,337.7784,1.095064
1,Eye_Level,False,144.5001,-247.0187,-133.3881,80,0,150,1006.32,353.2193,0.55114
1,Eye_Level,False,142.0086,-252.6067,-135.3733,80,0,150,1006.53,359.1894,0.1255993
1,Eye_Level,False,143.6811,-253.9978,-132.8957,80,0,150,1006.741,359.5215,0.2547886
1,Eye_Level,False,150.8318,-250.7704,-121.242,80,0,150,1006.952,352.2916,1.008562
1,Eye_Level,False,160.9761,-234.6217,-103.588,80,0,150,1007.183,331.4178,1.122497
1,Eye_Level,False,165.0483,-215.2662,-89.74025,80,0,150,1007.402,308.9691,1.122788
1,Eye_Level,False,167.1903,-195.6472,-80.42499,80,0,150,1007.622,287.6544,0.8768378
1,Eye_Level,False,168.4644,-183.9912,-69.68201,80,0,150,1007.898,273.6565,0.5246626
1,Eye_Level,False,167.0189,-181.3682,-54.90487,80,0,150,1008.107,267.6145,0.8659511
1,Eye_Level,False,164.2822,-193.487,-32.14781,80,0,150,1008.318,275.7401,1.34632
1,Eye_Level,False,162.645,-201.2254,-22.29468,80,0,150,1008.549,282.391,0.5490774
1,Eye_Level,False,161.2879,-202.2053,-11.22453,80,0,150,1008.774,282.6539,0.5220525
1,Eye_Level,False,160.7227,-201.3772,2.095603,80,0,150,1009.001,281.5892,0.5932713
1,Eye_Level,False,161.3639,-200.4735,12.37422,80,0,150,1009.199,280.9763,0.329491
1,Eye_Level,False,162.2407,-202.228,15.05167,80,0,150,1009.41,282.894,0.145492
1,Eye_Level,False,165.4192,-203.7273,7.213284,80,0,150,1009.62,284.2375,0.5011255
1,Eye_Level,False,168.1724,-199.0085,1.281212,80,0,150,1009.83,279.6026,0.3977553
1,Eye_Level,False,168.6178,-190.7005,4.649305,80,0,150,1010.046,271.3798,0.6645656
1,Eye_Level,False,169.2136,-192.0072,14.48871,80,0,150,1010.257,273.0695,0.4945102
1,Eye_Level,False,168.7844,-195.1414,21.97492,80,0,150,1010.477,276.6559,0.2961296
1,Eye_Level,False,170.9669,-194.8262,28.59262,80,0,149.7002,1010.7,277.1268,0.2927734
1,end,False,172.0885,-192.8671,34.1042,80,0,130.1971,1010.923,278.1626,0.2456299
1,end,False,171.5949,-188.2807,39.31758,80,0,96.24805,1011.146,281.4206,0.3557813
1,end,False,170.4644,-183.4307,44.76519,80,0,57.14158,1011.367,290.2442,0.3328908
1,end,False,169.3903,-179.352,50.07264,80,0,22.6891,1011.589,302.1456,0.2880353
1,end,False,168.7573,-177.2633,53.63302,80,0,2.095056,1011.813,311.1868,0.1229144
1,end,False,169.2646,-178.4722,54.81775,80,0,0,1012.036,313.7888,0.1129609
1,end,False,170.873,-181.869,53.68098,80,0,0,1012.259,317.2611,0.1864571
1,end,False,171.8858,-185.7829,52.30746,80,0,0,1012.482,320.8136,0.1839145
1,end,False,172.1154,-188.7609,51.32972,80,0,0,1012.706,323.2505,0.1239372
1,end,False,172.2375,-191.4404,50.54796,80,0,0,1012.965,325.424,0.0904482
1,end,False,171.7547,-192.7822,49.50411,80,0,0,1013.174,326.1295,0.08260401
1,end,False,170.2975,-193.6446,47.26262,80,0,0,1013.383,325.755,0.09165015
1,end,False,169.5614,-194.3754,44.8112,80,0,0,1013.592,325.6393,0.1397935
1,end,False,168.9151,-195.0218,42.27742,80,0,0,1013.801,325.5099,0.1180995
1,end,False,168.5609,-195.5983,40.25124,80,0,0,1014.01,325.557,0.08583022
1,end,False,167.9104,-196.3508,38.3235,80,0,0,1014.218,325.626,0.1268012
1,end,False,166.3611,-199.9356,30.46325,80,0,0,1014.428,327.0596,0.5954968
1,end,False,162.9099,-210.1472,27.19184,80,0,0,1014.627,333.8629,0.3279036
1,end,False,162.6202,-208.8975,27.02209,80,0,0,1014.824,332.6219,0.08580219
1,end,False,160.7018,-210.3387,27.36436,80,0,0,1015.034,332.9721,0.185811
1,end,False,158.8056,-214.4316,30.3923,80,0,0,1015.247,335.9061,0.3015781
1,end,False,156.8247,-219.6772,32.22367,80,0,0,1015.454,339.7628,0.2534161
1,end,False,156.2887,-222.7818,33.13054,80,0,0,1015.665,342.3457,0.111429
1,end,False,156.6004,-224.1842,33.05543,80,0,0,1015.874,343.7213,0.04790087
1,end,False,156.9396,-225.0691,32.75439,80,0,0,1016.083,344.6303,0.04152324
1,end,False,160.9979,-223.7751,26.51409,80,0,0,1016.291,344.8226,0.6409114
1,end,False,168.2591,-213.146,24.22934,80,0,0,1016.516,338.8698,0.5041832
1,end,False,170.2186,-203.7116,30.08769,80,0,0,1016.726,332.2226,0.4216824
1,end,False,170.4945,-198.4648,34.69154,80,0,0,1016.99,328.3513,0.2807977
1,end,False,169.4419,-193.1762,38.47009,80,0,0,1017.198,323.7526,0.3370786
1,end,False,169.0015,-187.413,41.53686,80,0,0,1017.409,319.0557,0.3195245
1,end,False,168.6611,-181.9991,44.44117,80,0,0,1017.616,314.7461,0.2555757
1,end,False,168.0296,-179.2003,45.01718,80,0,0,1017.824,312.1623,0.07841538
1,end,False,168.2488,-180.2487,43.15617,80,0,0,1018.035,312.8889,0.05965552
1,end,False,168.2663,-181.539,43.6231,80,0,0,1018.243,314.0368,0.07024393
1,end,False,168.7678,-183.4907,44.41218,80,0,0,1018.452,316.0417,0.09278548
1,end,False,169.4368,-185.272,45.14049,80,0,0,1018.659,317.987,0.09897313
1,end,False,169.3293,-186.8803,45.53813,80,0,0,1018.868,319.3293,0.08275813
1,end,False,169.8463,-188.5663,45.13426,80,0,0,1019.122,320.9559,0.05922174
1,end,False,170.1887,-189.2647,44.42552,80,0,2.530711,1019.343,320.291,0.03359612
1,Above_Eyes,False,170.3681,-190.1003,43.56022,80,0,20.99745,1019.567,311.7102,0.05533379
1,Above_Eyes,False,170.4867,-190.8434,42.71209,80,0,47.67086,1019.789,300.4401,0.04973492
1,Above_Eyes,False,170.5245,-191.2568,41.65857,80,0,80.19679,1020.013,288.92,0.06575221
1,Above_Eyes,False,170.7597,-192.479,38.5928,80,0,114.2368,1020.237,280.9431,0.2741384
1,Above_Eyes,False,168.832,-199.3395,34.39991,80,0,146.5855,1020.465,282.3275,0.4052042
1,Above_Eyes,False,166.7608,-205.4337,36.65869,80,0,172.5208,1020.682,287.8358,0.1152775
1,Above_Eyes,False,164.6243,-206.4928,39.42192,80,0,187.9799,1020.898,290.1339,0.1721787
1,Above_Eyes,False,163.0255,-205.1588,41.12848,80,0,190,1021.109,289.3695,0.1007112
1,Above_Eyes,False,162.1886,-204.72,42.93568,80,0,190,1021.318,289.2791,0.09505314
1,Above_Eyes,False,161.3691,-205.6836,45.11887,80,0,190,1021.528,290.6382,0.1585613
1,Above_Eyes,False,160.6832,-208.0808,46.96071,80,0,190,1021.734,293.3519,0.1532312
1,Above_Eyes,False,159.998,-211.109,47.50125,80,0,190,1021.944,296.4809,0.1720863
1,Above_Eyes,False,159.8252,-213.4462,46.02818,80,0,190,1022.149,298.5629,0.1347429
1,Above_Eyes,False,159.9372,-215.1635,42.87614,80,0,190,1022.359,299.7727,0.2830404
1,Above_Eyes,False,162.3806,-211.0957,34.29712,80,0,190,1022.565,294.4076,0.2522237
1,Above_Eyes,False,169.4682,-200.0516,31.09309,80,0,190,1022.827,282.5194,0.7098048
1,Above_Eyes,False,172.0352,-194.1979,39.54884,80,0,190,1023.049,277.6172,0.3210455
1,Above_Eyes,False,172.5238,-186.5459,46.45316,80,0,190,1023.325,271.1274,0.4469698
1,Above_Eyes,False,171.3858,-174.693,52.84846,80,0,190,1023.533,260.7833,0.769127
1,Above_Eyes,False,171.3602,-158.244,60.77485,80,0,190,1023.742,246.5791,0.857298
1,Above_Eyes,False,171.0368,-139.4203,62.42207,80,0,190,1023.952,228.9135,0.9815136
1,Above_Eyes,False,166.4627,-116.6825,58.55914,80,0,190,1024.161,206.5604,1.193556
1,Above_Eyes,False,171.759,-87.99213,53.39339,80,0,190,1024.399,177.2144,1.210902
1,Above_Eyes,False,170.8535,-60.85556,52.89705,80,0,190,1024.625,151.6739,1.284645
1,Above_Eyes,False,167.561,-29.12269,55.69807,80,0,190,1024.849,124.5534,1.556346
1,Above_Eyes,False,173.0862,2.712345,54.15634,80,0,190,1025.076,95.87683,1.394312
1,Above_Eyes,False,167.2731,33.84576,52.28678,80,0,190,1025.299,73.35278,1.432258
1,Above_Eyes,False,171.3196,64.20889,53.29047,80,0,190,1025.524,58.63607,1.421406
1,Above_Eyes,False,170.6507,92.76157,54.23762,80,0,190,1025.748,58.9828,1.353026
1,Above_Eyes,False,171.097,124.0326,54.33673,80,0,190,1025.973,72.44774,1.552107
1,Above_Eyes,False,173.6663,151.5084,50.91175,80,0,190,1026.185,89.2874,1.268127
1,Above_Eyes,False,169.6075,178.7525,44.66397,80,0,190,1026.396,110.285,1.32617
1,Above_Eyes,False,172.6641,204.6665,38.7236,80,0,190,1026.608,131.6882,1.251739
1,Above_Eyes,False,172.3136,230.0061,35.75105,80,0,190,1026.818,155.2184,1.296549
1,Above_Eyes,False,168.0476,255.5937,35.46799,80,0,190,1027.03,180.48,1.213816
1,Above_Eyes,False,171.5809,278.4237,32.45658,80,0,190,1027.24,201.9026,1.041355
1,Above_Eyes,False,169.6515,297.773,27.08329,80,0,190,1027.45,220.3921,0.9324526
1,Above_Eyes,False,168.9623,314.2391,20.35965,80,0,190,1027.662,236.0616,0.7318208
1,Above_Eyes,False,169.9496,325.6757,18.92155,80,0,190,1027.868,247.2177,0.4733669
1,Above_Eyes,False,170.2114,332.76,20.6117,80,0,190,1028.08,254.3699,0.3119566
1,Above_Eyes,False,170.8596,335.3214,27.08763,80,0,190,1028.286,257.4667,0.4609358
1,Above_Eyes,False,170.756,332.5324,31.66412,80,0,190,1028.487,255.2363,0.1860193
1,Above_Eyes,False,170.8497,332.9702,32.78292,80,0,190,1028.733,255.8034,0.07182257
1,Above_Eyes,False,170.9257,333.6537,36.19455,80,0,190,1028.97,256.9321,0.180482
1,Above_Eyes,False,169.7583,334.5983,44.13527,80,0,190,1029.18,259.1871,0.4672813
1,Above_Eyes,False,168.9407,333.2572,57.77744,80,0,190,1029.389,260.6165,0.7690707
1,Above_Eyes,False,170.6796,330.8055,73.47215,80,0,190,1029.6,262.0588,0.6785682
1,Above_Eyes,False,170.896,331.5455,87.2414,80,0,190,1029.809,266.9292,0.6654748
1,Above_Eyes,False,169.4238,336.8664,99.30685,80,0,190,1030.019,276.1622,0.6673333
1,Above_Eyes,False,171.3569,341.4917,111.6129,80,0,190,1030.227,284.9262,0.6117268
1,Above_Eyes,False,171.19,342.4379,119.4428,80,0,190,1030.439,288.9534,0.2805274
1,Above_Eyes,False,170.9769,341.235,124.1173,80,0,190,1030.647,289.846,0.2653846
1,Above_Eyes,False,170.3409,327.9095,129.7132,80,0,190,1030.856,280.4837,0.9787205
1,Above_Eyes,False,168.1981,317.4318,127.3788,80,0,190,1031.111,270.3231,0.2725012
1,Above_Eyes,False,167.4767,306.9787,131.3528,80,0,190,1031.358,263.2113,0.557066
1,Above_Eyes,False,166.0266,282.9211,132.3492,80,0,190,1031.608,243.4502,1.148393
1,Above_Eyes,False,169.5204,252.3229,132.5434,80,0,190,1031.86,218.3629,1.175563
1,Above_Eyes,False,168.9432,223.6938,134.2585,80,0,190,1032.109,197.7793,1.156716
1,Above_Eyes,False,172.1084,197.0587,137.8829,80,0,190,1032.346,181.7541,0.9422824
1,Above_Eyes,False,171.7659,173.2375,133.9127,80,0,190,1032.555,164.1899,1.194266
1,Above_Eyes,False,168.4821,147.0471,126.954,80,0,190,1032.763,145.1746,1.438147
1,Above_Eyes,False,172.3821,118.2517,121.4825,80,0,190,1032.972,128.5752,1.517275
1,Above_Eyes,False,168.346,89.86986,116.4958,80,0,190,1033.181,118.9016,1.294869
1,Above_Eyes,False,168.3932,59.67729,113.9986,80,0,190,1033.39,117.7945,1.504954
1,Above_Eyes,False,171.2115,33.17649,106.6684,80,0,190,1033.598,117.9983,1.311601
1,Above_Eyes,False,165.1711,6.723022,96.53479,80,0,190,1033.808,123.7132,1.43889
1,Above_Eyes,False,166.7621,-20.61026,84.95072,80,0,190,1034.017,133.7126,1.392783
1,Above_Eyes,False,167.8899,-44.75083,78.94501,80,0,190,1034.212,149.2781,1.004327
1,Above_Eyes,False,162.5975,-75.47858,73.66346,80,0,190,1034.453,174.2148,1.432496
1,Above_Eyes,False,166.4168,-100.8972,67.13216,80,0,190,1034.678,194.388,1.112573
1,Above_Eyes,False,162.9637,-123.1008,59.25583,80,0,190,1034.904,213.2889,1.046161
1,Above_Eyes,False,161.0291,-145.8124,47.30247,80,0,190,1035.131,232.5254,1.194006
1,Above_Eyes,False,162.0137,-165.5719,38.91211,80,0,190,1035.353,250.2058,0.8244133
1,Above_Eyes,False,159.2043,-182.086,33.25929,80,0,190,1035.578,265.9768,0.7279409
1,Above_Eyes,False,160.138,-197.9448,27.81614,80,0,190,1035.803,280.9249,0.6347626
1,Above_Eyes,False,163.8376,-205.4637,12.09327,80,0,190,1036.015,286.915,0.9017634
1,Above_Eyes,False,163.728,-207.4721,-5.380106,80,0,190,1036.256,288.7202,0.9263301
1,Above_Eyes,False,163.2068,-205.3221,-25.5199,80,0,190,1036.483,287.7114,0.9748829
1,Above_Eyes,False,163.4338,-208.4278,-47.37054,80,0,190,1036.705,293.4968,1.012262
1,Above_Eyes,False,157.6825,-216.043,-70.77864,80,0,190,1036.929,306.0971,1.309247
1,Above_Eyes,False,149.2132,-224.6597,-95.66476,80,0,190,1037.153,321.9205,0.9684824
1,Above_Eyes,False,143.607,-226.6066,-108.0421,80,0,190,1037.375,328.3794,0.4705234
1,Above_Eyes,False,141.6718,-224.4536,-112.235,80,0,190,1037.597,328.0614,0.2792032
1,Above_Eyes,False,153.5448,-207.6884,-106.0574,80,0,190,1037.815,308.7746,1.467085
1,Above_Eyes,False,164.9813,-193.6361,-74.30091,80,0,190,1038.071,284.6459,1.409865
1,Above_Eyes,False,169.046,-185.9028,-49.22193,80,0,190,1038.277,271.2308,1.152919
1,Above_Eyes,False,172.2758,-184.1685,-32.95218,80,0,190,1038.485,266.8052,0.7400398
1,Above_Eyes,False,171.3514,-184.9698,-17.85553,80,0,190,1038.75,266.2247,0.572733
1,Above_Eyes,False,170.7623,-186.1382,-7.51417,80,0,190,1038.959,266.9384,0.4363889
1,Above_Eyes,False,173.6018,-185.4001,0.6949335,80,0,190,1039.168,265.9071,0.3829517
1,Above_Eyes,False,173.8257,-181.4989,12.84077,80,0,190,1039.433,262.3131,0.5422037
1,Above_Eyes,False,173.3445,-175.4074,28.06765,80,0,190,1039.7,257.4842,0.5531104
1,Above_Eyes,False,173.7222,-173.3375,35.31849,80,0,190,1039.925,256.3051,0.2093674
1,Above_Eyes,False,173.2361,-174.6177,36.55924,80,0,190,1040.149,257.7747,0.136934
1,Above_Eyes,False,173.4147,-178.8356,33.30862,80,0,190,1040.371,261.4965,0.2750503
1,Above_Eyes,False,173.1585,-182.3643,28.99241,80,0,190,1040.593,264.498,0.2331211
1,Above_Eyes,False,172.9851,-184.5218,26.39955,80,0,190,1040.814,266.3798,0.112286
1,Above_Eyes,False,172.6647,-185.8673,25.4373,80,0,188.6786,1041.038,267.5611,0.0521843
1,end,False,172.369,-186.0673,24.76705,80,0,168.2367,1041.26,267.2495,0.03471652
1,end,False,171.1133,-185.4374,23.59278,80,0,136.2299,1041.482,268.7573,0.09195779
1,end,False,169.62,-185.071,21.81639,80,0,97.85768,1041.707,275.4786,0.1281889
1,end,False,168.525,-185.1947,19.94089,80,0,58.52302,1041.928,287.7956,0.09116819
1,end,False,166.7835,-184.7555,18.2767,80,0,26.20734,1042.149,300.3184,0.135936
1,end,False,164.673,-183.7225,16.85659,80,0,4.755306,1042.372,308.8809,0.1331816
1,end,False,162.9495,-181.7966,16.40703,80,0,0,1042.6,308.8029,0.1180794
1,end,False,163.8087,-179.1671,16.9524,80,0,0,1042.823,307.064,0.1215026
1,end,False,164.9503,-175.9124,19.42119,80,0,0,1043.044,305.0851,0.2655315
1,end,False,166.7581,-170.7051,24.07592,80,0,0,1043.317,302.0612,0.2798958
1,end,False,167.089,-167.3156,26.62694,80,0,0,1043.525,299.6543,0.1693275
1,end,False,166.3783,-165.9859,27.49847,80,0,0,1043.734,298.2397,0.03895681
1,end,False,164.7794,-170.8355,22.29146,80,0,0,1043.93,300.9445,0.4545424
1,end,False,161.8367,-187.3348,26.35132,80,0,0,1044.191,313.6135,0.5191458
1,end,False,161.2697,-194.2322,29.86053,80,0,0,1044.38,319.5354,0.4247839
1,end,False,161.2151,-202.8786,32.15532,80,0,0,1044.591,327.1767,0.4593671
1,end,False,160.6046,-212.1714,32.27679,80,0,0,1044.803,334.9623,0.4105544
1,end,False,160.0649,-217.9328,31.68443,80,0,0,1045.013,339.689,0.2134572
1,end,False,160.2127,-221.1228,30.05378,80,0,0,1045.223,342.4124,0.1496294
1,end,False,162.631,-219.2209,23.50319,80,0,0,1045.428,341.3713,0.6133903
1,end,False,168.0066,-202.8091,22.57632,80,0,0,1045.665,329.7224,0.7214762
1,end,False,169.2673,-195.2311,27.01208,80,0,0,1045.894,324.2426,0.52306
1,end,False,169.6599,-188.331,30.05121,80,0,0,1046.101,318.8872,0.3890166
1,end,False,169.711,-182.7657,32.33286,80,0,0,1046.31,314.4726,0.2337968
1,end,False,169.3679,-180.3671,33.07259,80,0,0,1046.519,312.3625,0.058627
1,end,False,169.919,-181.3943,31.78078,80,0,0,1046.728,313.3839,0.1560244
1,end,False,169.9358,-185.2269,28.94372,80,0,0,1046.924,316.3246,0.2445259
1,end,False,170.8134,-191.6714,25.89286,80,0,0,1047.161,321.9518,0.265905
1,end,False,170.6999,-196.5624,23.42315,80,0,0,1047.384,325.8433,0.2222432
1,end,False,170.5764,-199.3356,21.92194,80,0,0,1047.607,328.0324,0.08775916
1,end,False,170.3719,-200.6249,21.10736,80,0,0,1047.827,328.9718,0.04186654
1,end,False,170.3183,-200.2602,21.52419,80,0,0,1048.091,328.66,0.06376314
1,end,False,170.1284,-199.627,22.21839,80,0,0,1048.286,328.0679,0.04570399
1,end,False,169.9247,-199.235,23.02236,80,0,1.785779E-06,1048.551,327.6837,0.03345114
1,end,False,169.8587,-199.2901,23.40874,80.00001,0,10.60206,1048.759,322.3563,0.01564798
1,Below_Eyes,False,170.1133,-199.6596,23.01008,80,0,50.31903,1049.01,305.1059,0.06317416
1,Below_Eyes,False,170.8559,-200.0523,21.99734,80,0,87.73426,1049.25,292.9546,0.04635406
1,Below_Eyes,False,171.4743,-199.882,21.61533,80,0,109.5407,1049.487,287.4665,0.05657584
1,Below_Eyes,False,171.6571,-198.6852,21.86235,80,0,110,1049.713,286.2604,0.07829129
1,Below_Eyes,False,171.6327,-196.4043,22.6853,80,0,110,1049.936,284.0995,0.137631
1,Below_Eyes,False,172.0187,-192.6741,24.53661,80,0,110,1050.16,280.7126,0.2045693
1,Below_Eyes,False,171.9729,-188.3461,25.84754,80,0,110,1050.382,276.6196,0.1991746
1,Below_Eyes,False,169.2004,-186.9985,21.14424,80,0,110,1050.641,274.299,0.28855
1,Below_Eyes,False,163.2693,-198.3639,20.50619,80,0,110,1050.873,284.1559,0.5389007
1,Below_Eyes,False,161.6569,-203.7791,23.29249,80,0,110,1051.065,289.3813,0.3598022
1,Below_Eyes,False,160.2818,-212.1224,26.70473,80,0,110,1051.277,297.6187,0.4377864
1,Below_Eyes,False,159.2502,-220.4487,29.83566,80,0,110,1051.489,305.9169,0.3965462
1,Below_Eyes,False,157.9342,-226.7876,31.55318,80,0,110,1051.696,312.1088,0.2378637
1,Below_Eyes,False,157.3828,-230.1362,31.21998,80,0,110,1051.907,315.2844,0.1404841
1,Below_Eyes,False,157.1594,-232.1014,29.98874,80,0,110,1052.115,317.0656,0.09333768
1,Below_Eyes,False,157.2936,-233.5063,29.4136,80,0,110,1052.323,318.4149,0.09424445
1,Below_Eyes,False,160.7367,-234.1121,24.26855,80,0,110,1052.532,319.1075,0.4458837
1,Below_Eyes,False,164.1564,-228.612,19.70605,80,0,110,1052.749,313.9469,0.5889514
1,Below_Eyes,False,169.1222,-212.4854,22.26924,80,0,110,1052.961,299.2308,0.6862106
1,Below_Eyes,False,170.7534,-204.9755,28.31331,80,0,110,1053.203,292.7518,0.4123097
1,Below_Eyes,False,172.5284,-197.3584,34.07405,80,0,110,1053.41,286.3538,0.5615784
1,Below_Eyes,False,172.4404,-184.9119,40.28036,80,0,110,1053.62,275.1357,0.7597021
1,Below_Eyes,False,170.0819,-169.0466,48.13793,80,0,110,1053.828,260.6747,0.894208
1,Below_Eyes,False,169.0306,-152.2275,49.24498,80,0,110,1054.037,244.6207,0.8069758
1,Below_Eyes,False,166.2819,-133.6995,46.28295,80,0,110,1054.248,225.7814,0.8830234
1,Below_Eyes,False,169.5885,-107.9894,41.46943,80,0,110,1054.5,201.5205,1.229634
1,Below_Eyes,False,171.7966,-86.70171,42.86629,80,0,110,1054.724,182.8819,1.036599
1,Below_Eyes,False,167.5632,-61.88552,48.90822,80,0,110,1054.948,160.739,1.300865
1,Below_Eyes,False,170.7046,-35.82191,56.35058,80,0,110,1055.175,142.3909,1.133202
1,Below_Eyes,False,168.0876,-8.734989,59.91727,80,0,110,1055.4,121.812,1.249314
1,Below_Eyes,False,169.6702,20.93697,62.64628,80,0,110,1055.624,104.7547,1.428557
1,Below_Eyes,False,172.9807,47.40582,69.11403,80,0,110,1055.85,99.0237,1.178507
1,Below_Eyes,False,169.622,73.88422,76.75573,80,0,110,1056.074,97.38389,1.276518
1,Below_Eyes,False,172.2561,101.267,83.5776,80,0,110,1056.297,106.3641,1.277723
1,Below_Eyes,False,170.9472,128.9807,84.57421,80,0,110,1056.523,115.1801,1.258451
1,Below_Eyes,False,170.461,158.9306,80.11786,80,0,110,1056.76,127.6888,0.9721278
1,Below_Eyes,False,174.0505,184.1283,81.29965,80,0,110,1056.974,146.8155,1.148615
1,Below_Eyes,False,169.3924,209.144,83.52593,80,0,110,1057.181,164.8703,1.315178
1,Below_Eyes,False,172.0563,231.7905,84.18855,80,0,110,1057.391,184.3341,1.127168
1,Below_Eyes,False,171.1284,249.8347,79.6821,80,0,110,1057.603,197.3062,0.9013106
1,Below_Eyes,False,165.5523,266.3601,69.4136,80,0,110,1057.813,206.481,0.9905304
1,Below_Eyes,False,168.7917,282.873,55.70882,80,0,110,1058.023,218.4432,0.9551181
1,Below_Eyes,False,172.5606,294.653,45.20897,80,0,110,1058.231,228.1087,0.7689429
1,Below_Eyes,False,171.7593,304.9323,36.76232,80,0,110,1058.445,236.136,0.5913559
1,Below_Eyes,False,173.3152,315.8834,30.73753,80,0,110,1058.653,246.1597,0.5346824
1,Below_Eyes,False,174.1477,321.6923,22.905,80,0,110,1058.863,251.107,0.3614799
1,Below_Eyes,False,174.2492,322.0526,17.86598,80,0,110,1059.07,251.0709,0.2156465
1,Below_Eyes,False,173.4521,322.3965,15.38051,80,0,110,1059.278,251.0354,0.0762523
1,Below_Eyes,False,173.3099,322.3262,15.68326,80,0,110,1059.487,250.9504,0.08259432
1,Below_Eyes,False,171.3155,323.1443,19.75087,80,0,110,1059.699,251.533,0.4588667
1,Below_Eyes,False,170.3772,321.532,29.40997,80,0,110,1059.929,250.6952,0.2991243
1,Below_Eyes,False,170.2705,322.6458,37.15919,80,0,110,1060.133,252.7654,0.4531879
1,Below_Eyes,False,168.3228,328.3333,49.78098,80,0,110,1060.342,259.9022,0.8672833
1,Below_Eyes,False,165.5846,339.4893,72.12891,80,0,110,1060.551,275.0035,1.360775
1,Below_Eyes,False,169.2633,348.1052,90.35834,80,0,110,1060.765,289.0626,0.698638
1,Below_Eyes,False,169.5145,352.303,98.69779,80,0,110,1060.973,295.6893,0.3298038
1,Below_Eyes,False,169.1716,355.3247,100.3073,80,0,110,1061.184,298.9424,0.213749
1,Below_Eyes,False,168.659,352.825,89.17745,80,0,110,1061.382,292.9624,0.461281
1,Below_Eyes,False,167.2483,342.5456,76.30624,80,0,110,1061.61,279.3388,0.7026401
1,Below_Eyes,False,166.0103,328.9528,63.73666,80,0,110,1061.846,263.0152,0.7478484
1,Below_Eyes,False,166.2113,313.3261,49.10935,80,0,110,1062.097,244.9745,0.8474229
1,Below_Eyes,False,168.192,301.2206,36.68846,80,0,110,1062.305,231.6698,0.7941799
1,Below_Eyes,False,168.838,285.8802,21.71902,80,0,110,1062.555,215.2215,0.9020898
1,Below_Eyes,False,168.5802,269.4655,1.194704,80,0,110,1062.806,198.3186,1.135191
1,Below_Eyes,False,172.2413,247.1801,-13.97225,80,0,110,1063.057,178.9369,1.080987
1,Below_Eyes,False,167.4605,224.9308,-22.1799,80,0,110,1063.266,157.4757,1.181669
1,Below_Eyes,False,169.5952,201.0491,-28.42933,80,0,110,1063.475,137.8866,1.109715
1,Below_Eyes,False,171.777,177.8974,-37.53291,80,0,110,1063.684,121.6923,1.180471
1,Below_Eyes,False,165.8597,152.9271,-49.17103,80,0,110,1063.892,104.1943,1.421431
1,Below_Eyes,False,172.7013,125.463,-61.3144,80,0,110,1064.101,98.78155,1.417963
1,Below_Eyes,False,169.3631,98.39204,-66.51327,80,0,110,1064.31,91.02888,1.422506
1,Below_Eyes,False,168.3378,69.65668,-66.62034,80,0,110,1064.519,89.15462,1.484041
1,Below_Eyes,False,173.1169,43.7875,-69.212,80,0,110,1064.717,100.4261,1.032655
1,Below_Eyes,False,166.4313,10.86724,-74.91981,80,0,110,1064.956,116.5196,1.516947
1,Below_Eyes,False,168.5654,-22.65898,-82.03203,80,0,110,1065.182,143.8681,1.284801
1,Below_Eyes,False,167.6213,-52.81099,-81.54415,80,0,110,1065.407,166.1578,1.413702
1,Below_Eyes,False,161.5732,-85.85214,-77.73361,80,0,110,1065.636,190.2873,1.591971
1,Below_Eyes,False,168.5531,-116.9589,-76.76921,80,0,110,1065.861,219.3508,1.223067
1,Below_Eyes,False,166.7342,-139.5756,-78.8549,80,0,110,1066.058,240.1048,0.9223025
1,Below_Eyes,False,159.257,-167.79,-85.67923,80,0,110,1066.272,266.7716,1.644408
1,Below_Eyes,False,156.089,-200.7719,-94.78836,80,0,110,1066.479,299.9032,1.440854
1,Below_Eyes,False,148.8185,-220.9163,-99.25262,80,0,110,1066.689,319.2313,0.8520622
1,Below_Eyes,False,143.9012,-230.7997,-102.637,80,0,110,1066.9,329.0594,0.3976773
1,Below_Eyes,False,144.7646,-234.1325,-101.0274,80,0,110,1067.11,331.8047,0.4231409
1,Below_Eyes,False,154.5903,-229.3637,-88.29541,80,0,110,1067.326,324.7926,1.134898
1,Below_Eyes,False,160.2714,-224.8033,-76.92883,80,0,110,1067.543,318.3556,0.3269931
1,Below_Eyes,False,163.9464,-219.6321,-76.8717,80,0,110,1067.745,314.0046,0.606314
1,Below_Eyes,False,166.4825,-202.4203,-68.33443,80,0,110,1067.977,296.0086,0.7088316
1,Below_Eyes,False,169.2059,-190.6347,-58.57819,80,0,110,1068.185,283.1605,0.6543219
1,Below_Eyes,False,169.8075,-181.703,-46.671,80,0,110,1068.445,272.4768,0.5130776
1,Below_Eyes,False,169.6373,-175.5047,-35.24687,80,0,110,1068.655,264.7293,0.6083151
1,Below_Eyes,False,169.9758,-170.7792,-24.97947,80,0,110,1068.865,259.0584,0.4166881
1,Below_Eyes,False,172.0248,-171.2008,-17.03375,80,0,110,1069.076,259.305,0.3472197
1,Below_Eyes,False,171.8271,-175.0336,-10.11139,80,0,110,1069.303,262.6156,0.3643314
1,Below_Eyes,False,171.7894,-180.6307,-6.740937,80,0,110,1069.526,267.9398,0.272012
1,Below_Eyes,False,171.5933,-184.2629,-4.112288,80,0,110,1069.749,271.3771,0.2085022
1,Below_Eyes,False,171.8912,-186.7528,-0.311318,80,0,110,1069.985,273.8388,0.202194
1,Below_Eyes,False,172.2747,-186.9484,4.668722,80,0,110,1070.208,274.1558,0.2475781
1,Below_Eyes,False,172.7106,-184.1786,11.89273,80,0,106.3934,1070.431,272.6348,0.401208
1,end,False,171.839,-179.9409,20.95107,80,0,80.59296,1070.653,276.2862,0.4685667
1,end,False,170.5657,-175.0352,28.54408,80,0,48.5426,1070.876,284.1608,0.3725013
1,end,False,168.5416,-171.6206,32.42875,80,0,18.84188,1071.098,294.5752,0.1828785
1,end,False,167.7801,-171.0997,34.22062,80,0,1.247525,1071.321,303.2411,0.08159506
1,end,False,166.9984,-174.1801,33.90107,80,0,0,1071.543,306.0151,0.2065809
1,end,False,167.0086,-180.0003,32.90611,80,0,0,1071.765,310.765,0.2974652
1,end,False,167.1747,-185.5185,32.91088,80,0,0,1071.988,315.4846,0.2196572
1,end,False,167.449,-189.3109,34.45322,80,0,0,1072.211,318.9899,0.1576938
1,end,False,167.7366,-191.9592,36.57374,80,0,0,1072.443,321.6132,0.1719948
1,end,False,167.7373,-193.0495,38.23518,80,0,0,1072.649,322.7287,0.09025542
1,end,False,167.7579,-193.4932,39.47972,80,0,0,1072.858,323.2645,0.04546782
1,end,False,167.6122,-193.9395,39.86691,80,0,0,1073.066,323.6141,0.02586938
1,end,False,167.5018,-194.3033,39.24734,80,0,0,1073.276,323.7892,0.04660803
1,end,False,167.2719,-195.0654,38.73435,80,0,0,1073.484,324.2549,0.05740256
1,end,False,167.3277,-196.1143,37.49974,80,0,0,1073.693,325.0291,0.09967257
1,end,False,167.1995,-197.4873,35.09281,80,0,0,1073.903,325.8625,0.1606368
1,end,False,167.4574,-197.9448,33.55593,80,0,0,1074.111,326.2228,0.03699198
1,end,False,167.4355,-196.744,33.37573,80,0,0,1074.321,325.1705,0.08511822
1,end,False,166.0422,-196.5062,29.65397,80,0,0,1074.52,323.8905,0.1384065
1,end,False,165.7204,-196.6347,32.05346,80,0,0,1074.746,324.0639,0.1001766
1,end,False,165.647,-196.2117,33.0501,80,0,0,1074.973,323.7656,0.05532287
1,end,False,168.64,-196.3762,33.70303,80,0,0,1075.202,325.5137,0.1826765
1,end,False,172.321,-195.3769,34.84533,80,0,0,1075.4,326.7127,0.149717
1,end,False,176.6127,-194.2684,36.44193,80,0,0,1075.612,328.2426,0.2717768
1,end,False,185.1794,-193.5417,35.8487,80,0,0,1075.824,332.2674,0.4340905
1,end,False,180.921,-197.4111,26.24021,80,0,0,1076.027,332.2317,1.067999
1,end,False,145.0852,-209.0951,18.85309,80,0,0,1076.295,324.008,1.406265
1,end,False,120.9197,-222.6275,22.65583,80,0,0,1076.536,326.6776,1.002721
1,end,False,113.6391,-233.3526,27.88889,80,0,0,1076.742,334.4869,0.7102613
1,end,False,110.3113,-241.3181,35.05264,80,0,0,1076.95,341.5298,0.4809133
1,end,False,108.1331,-246.2054,39.39503,80,0,0,1077.138,345.9114,0.3599523
1,end,False,100.8867,-247.2674,49.65916,80,0,0,1077.383,346.0464,0.5640079
1,end,False,96.26772,-248.789,55.74886,80,0,0,1077.573,347.0988,0.3847806
1,end,False,88.39032,-253.3835,60.61415,80,0,0,1077.787,350.1878,0.6488403
1,end,False,81.25623,-256.1713,63.75758,80,0,0,1077.999,351.6798,0.3042554
1,end,False,79.52975,-259.2794,62.92278,80,0,0,1078.21,354.1112,0.2723547
1,end,False,78.9748,-260.2052,62.49844,80,0,0,1078.418,354.7994,0.08757886
1,end,False,78.78927,-260.3605,62.62062,80,0,0,1078.629,354.9286,0.03747835
1,end,False,78.61947,-260.1679,62.81172,80,0,0,1078.834,354.7401,0.04480444
1,end,False,78.42831,-260.1766,63.07596,80,0,0,1079.046,354.753,0.0618527
1,end,False,78.49197,-260.145,62.87901,80,0,0,1079.255,354.7018,0.0201652
1,end,False,78.4873,-260.1459,62.93544,80,0,0,1079.464,354.7116,0.003899393
1,end,False,78.50478,-260.1342,62.91965,80,0,0,1079.672,354.7015,0.003105412
1,end,False,78.4979,-260.1304,62.91118,80,0,0,1079.88,354.6948,0.003025894
1,end,False,78.49844,-260.1258,62.92485,80,0,0,1080.09,354.693,0.003600826
1,end,False,78.4884,-260.1333,62.92752,80,0,0,1080.299,354.6984,0.001957166
1,end,False,78.48856,-260.1294,62.91584,80,0,0,1080.508,354.6927,0.001839085
1,end,False,78.48009,-260.1312,62.91734,80,0,0,1080.717,354.6927,0.0006880326
1,end,False,78.49158,-260.1237,62.90421,80,0,0,1080.926,354.6858,0.002362774
1,end,False,78.485,-260.1244,62.93167,80,0,0,1081.135,354.6899,0.001956732
1,end,False,78.48273,-260.1247,62.92521,80,0,0,1081.343,354.6885,0.001938082
1,end,False,78.48854,-260.1227,62.92294,80,0,0,1081.55,354.6875,0.001384455
1,end,False,78.47261,-260.1223,62.90494,80,0,0,1081.761,354.6804,0.001943983
1,end,False,78.47131,-260.1147,62.91512,80,0,0,1081.97,354.6746,0.00169881
1,end,False,78.48566,-260.1234,62.9229,80,0,0,1082.179,354.6874,0.0007825556
1,end,False,78.48257,-260.1326,62.93267,80,0,0,1082.387,354.6974,0.002332975
1,end,False,78.48248,-260.1225,62.92771,80,0,0,1082.596,354.6868,0.001836649
1,end,False,78.49273,-260.1172,62.92797,80,0,0,1082.805,354.684,0.002102905
1,end,False,78.48828,-260.1187,62.92552,80,0,0,1083.014,354.6841,0.002304809
1,end,False,78.4849,-260.1299,62.92112,80,0,0,1083.223,354.6932,0.0007649098
1,end,False,78.48041,-260.1271,62.9249,80,0,0,1083.431,354.6902,0.002449166
1,end,False,78.47382,-260.1255,62.93501,80,0,0,1083.642,354.689,0.001481325
1,end,False,78.48007,-260.1289,62.93119,80,0,0,1083.849,354.693,0.00175631
1,end,False,78.46368,-260.1222,62.92353,80,0,0,1084.058,354.6815,0.00217146
1,end,False,78.47267,-260.1125,62.92193,80,0,0,1084.267,354.674,0.0004885845
1,end,False,78.47268,-260.1205,62.9231,80,0,0,1084.476,354.6818,0.001631978
1,end,False,78.47477,-260.1229,62.93941,80,0,0,1084.684,354.6876,0.001747589
1,end,False,78.47801,-260.1226,62.91816,80,0,0,1084.893,354.6842,0.0007754367
1,end,False,78.47528,-260.1195,62.92732,80,0,0,1085.103,354.6822,0.0004320554
1,end,False,78.47408,-260.1284,62.92513,80,0,0,1085.31,354.6902,0.00121972
1,end,False,78.47673,-260.128,62.9281,80,0,0,1085.52,354.6908,0.002395733
1,end,False,78.46706,-260.1287,62.92675,80,0,0,1085.729,354.6891,0.001993197
1,end,False,78.46815,-260.1148,62.93122,80,0,0,1085.938,354.6768,0.00105707
1,end,False,78.47073,-260.1217,62.92673,80,0,0,1086.146,354.6833,0.002410556
1,end,False,78.46855,-260.1172,62.9264,80,0,0,1086.355,354.6784,0.001335578
1,end,False,78.47401,-260.1217,62.93027,80,0,0,1086.564,354.6846,0.001664906
1,end,False,78.46915,-260.1204,62.91991,80,0,0,1086.773,354.6804,0.001526285
1,end,False,78.47911,-260.1213,62.93301,80,0,0,1086.981,354.6858,0.0003605296
1,end,False,78.47854,-260.1142,62.93731,80,0,0,1087.19,354.6796,0.002262189
1,end,False,78.47747,-260.112,62.92463,80,0,0,1087.4,354.675,0.001029123
1,end,False,78.48566,-260.1307,62.93318,80,0,0,1087.609,354.6963,0.001229313
1,end,False,78.47927,-260.1272,62.93753,80,0,0,1087.817,354.6923,0.001360345
1,end,False,78.46175,-260.1172,62.92054,80,0,0,1088.026,354.6758,0.001334614
1,end,False,78.46152,-260.1205,62.91109,80,0,0,1088.235,354.6773,0.001440129
1,end,False,78.46787,-260.1166,62.90691,80,0,0,1088.443,354.6743,0.0004673114
1,end,False,78.46581,-260.1178,62.91745,80,0,0,1088.653,354.6767,0.002636447
1,end,False,78.47005,-260.1313,62.91134,80,0,0,1088.861,354.6896,0.0007786747
1,end,False,78.45493,-260.1205,62.89249,80,0,0,1089.07,354.6725,0.001367231
1,end,False,78.47498,-260.1239,62.92804,80,0,0,1089.278,354.6865,0.003281387
1,end,False,78.48413,-260.0906,62.92372,80,0,0,1089.488,354.6558,0.0005741589
1,end,False,78.48414,-260.0886,62.91267,80,0,0,1089.697,354.6519,0.001454938
1,end,False,78.47781,-260.0946,62.89565,80,0,0,1089.906,354.6533,0.002396156
1,end,False,78.47344,-260.0837,62.85868,80,0,0,1090.115,354.6353,0.001325672
1,end,False,78.46939,-260.0904,62.8731,80,0,0,1090.323,354.6434,0.002258663
1,end,False,78.46724,-260.0728,62.88245,80,0,0,1090.532,354.6277,0.002260136
1,end,False,78.47063,-260.0882,62.87912,80,0,0,1090.74,354.6426,0.001250278
1,end,False,78.47693,-260.0849,62.90504,80,0,0,1090.95,354.6454,0.0002581813
1,end,False,70.96233,-262.4193,58.57995,80,0,0,1122.676,354.5677,0.2692698
1,end,False,73.30669,-261.8202,58.19942,80,0,0,1122.877,354.4038,0.2560872
1,end,False,75.94143,-261.469,58.35434,80,0,0,1123.113,354.6454,0.120818
1,end,False,108.2411,-313.381,87.33583,80,0,0,1123.324,417.2437,0.1801595
1,end,False,103.753,-320.0905,93.06424,80,0,0,1123.552,423.6721,0.3376364
1,end,False,101.087,-323.0259,97.06631,80,0,0,1123.784,426.697,0.1934362
1,end,False,99.94066,-323.6714,98.37798,80,0,0,1124.009,427.3371,0.1424313
1,end,False,126.8449,-267.9074,-127.6917,80,0,0,1124.218,391.707,0.1565003
1,end,False,127.7153,-267.8522,-127.9865,80,0,0,1124.436,392.0369,0.05706371
1,end,False,127.7459,-267.6086,-128.7251,80,0,0,1124.655,392.0726,0.07549919
1,end,False,127.4525,-267.5363,-130.1304,80,0,0,1124.872,392.3768,0.08174425
1,end,False,130.3977,-265.4304,-130.4101,80,0,0,1125.109,391.5769,0.3457706
1,end,False,135.7249,-260.2421,-127.0493,80,0,0,1125.321,387.7208,0.4481725
1,end,False,140.8795,-252.0114,-119.8004,80,0,0,1125.529,380.0405,0.7061388
1,end,False,144.1258,-239.4309,-107.7232,80,0,0,1125.739,366.6233,0.8129497
1,end,False,145.193,-228.0064,-96.65015,80,0,0,1125.946,353.9635,0.6930373
1,end,False,146.1114,-221.0361,-89.85069,80,0,0,1126.155,346.4743,0.3046624
1,end,False,145.5467,-217.995,-86.88315,80,0,0,1126.365,342.8317,0.1595671
1,end,False,144.937,-216.525,-85.77988,80,0,0,1126.573,341.0161,0.1102174
1,end,False,143.6107,-215.0946,-85.20234,80,0,0,1126.779,339.0638,0.09437598
1,end,False,143.2978,-214.2178,-85.05185,80,0,0,1126.988,338.1305,0.03701817
1,end,False,143.4814,-213.8553,-85.20842,80,0,0,1127.197,337.9324,0.0168485
1,end,False,143.2972,-214.2804,-85.65631,80,0,0,1127.405,338.3372,0.02226003
1,end,False,143.1431,-214.6096,-85.92283,80,0,0,1127.617,338.6259,0.03785197
1,end,False,143.0044,-215.2042,-85.78534,80,0,0,1127.825,339.05,0.0268558
1,end,False,142.9808,-215.6543,-85.49408,80,0,0,1128.035,339.3585,0.02370282
1,end,False,143.0463,-216.0281,-85.29799,80,0,0,1128.244,339.6625,0.02235992
1,end,False,143.0902,-216.1357,-85.16886,80,0,0,1128.45,339.7424,0.01172261
1,end,False,143.1251,-215.9982,-85.02855,80,0,0,1128.66,339.6021,0.009700505
1,end,False,143.1672,-215.8316,-85.00597,80,0,0,1128.871,339.469,0.009333442
1,end,False,143.2193,-215.6713,-85.10721,80,0,0,1129.079,339.3767,0.01068434
1,end,False,143.3