id,height_condition,social_framing,participant_y,participant_x,participant_z,drone_x,drone_z,drone_y,time,participant_drone_distance,velocity
0,Eye_Level,True,0,-217.5,25.5,80,0,0,4.931093,298.5909,0
0,Eye_Level,True,148.7429,-206.8499,22.17282,80,0,22.17431,1300.82,314.3152,0.06310554
0,Eye_Level,True,148.463,-205.901,20.61818,80,0,54.87975,1301.044,301.5333,0.0993881
0,Eye_Level,True,148.3902,-203.6828,19.88012,80,0,92.21832,1301.265,289.8731,0.156182
0,Eye_Level,True,148.2928,-199.8083,21.20116,80,0,125.4196,1301.488,281.541,0.2173421
0,Eye_Level,True,148.85,-195.5289,23.14645,80,0,146.6137,1301.712,276.5085,0.2159058
0,Eye_Level,True,148.7274,-189.6712,23.13639,80,0,150,1301.934,270.6649,0.3007251
0,Eye_Level,True,147.4168,-181.2082,20.95205,80,0,150,1302.157,262.0599,0.4234027
0,Eye_Level,True,147.7249,-171.5079,17.1769,80,0,150,1302.38,252.104,0.4943996
0,Eye_Level,True,148.5463,-161.2373,15.21284,80,0,150,1302.603,241.7208,0.4741811
0,Eye_Level,True,147.0975,-149.2684,14.93651,80,0,150,1302.827,229.7728,0.5452304
0,Eye_Level,True,148.213,-136.6258,16.36477,80,0,150,1303.05,217.2504,0.5567921
0,Eye_Level,True,148.5108,-125.6647,16.00978,80,0,150,1303.273,206.2923,0.5024202
0,Eye_Level,True,146.825,-114.255,13.46786,80,0,150,1303.495,194.7472,0.5452602
0,Eye_Level,True,147.2414,-103.6795,9.932184,80,0,150,1303.716,183.9685,0.5004671
0,Eye_Level,True,147.7793,-92.14896,8.317828,80,0,150,1303.939,172.3641,0.552604
0,Eye_Level,True,146.9045,-81.41912,8.51965,80,0,150,1304.162,161.6734,0.4674206
0,Eye_Level,True,147.8852,-70.74438,11.41661,80,0,150,1304.386,151.1909,0.4405574
0,Eye_Level,True,148.823,-63.08296,13.38356,80,0,150,1304.609,143.7123,0.2907831
0,Eye_Level,True,147.6884,-58.31683,14.96391,80,0,150,1304.834,139.1431,0.2942489
0,Eye_Level,True,147.2831,-52.58722,19.17291,80,0,150,1305.056,133.9939,0.3462815
0,Eye_Level,True,147.62,-46.10202,24.91352,80,0,150,1305.28,128.5615,0.4323476
0,Eye_Level,True,147.6969,-37.41722,29.17187,80,0,150,1305.503,121.0087,0.438993
0,Eye_Level,True,147.1771,-27.14362,31.36985,80,0,150,1305.727,111.6772,0.5269806
0,Eye_Level,True,147.4926,-17.33265,35.41242,80,0,150,1305.949,103.6049,0.4886828
0,Eye_Level,True,146.6837,-8.14352,42.74385,80,0,150,1306.173,98.01691,0.5286212
0,Eye_Level,True,147.6787,1.6716,51.09969,80,0,150,1306.395,93.55162,0.5402473
0,Eye_Level,True,148.005,12.88719,56.98277,80,0,150,1306.619,88.0633,0.5668723
0,Eye_Level,True,147.5504,24.66283,60.22934,80,0,150,1306.842,81.82772,0.6521785
0,Eye_Level,True,147.5121,37.26208,63.44689,80,0,150,1307.065,76.53905,0.5652808
0,Eye_Level,True,146.3283,50.47591,67.75576,80,0,150,1307.29,73.99998,0.630987
0,Eye_Level,True,147.3948,66.23599,73.13126,80,0,150,1307.512,74.46084,0.7726347
0,Eye_Level,True,147.158,82.38432,75.9668,80,0,150,1307.738,76.05732,0.7641693
0,Eye_Level,True,146.9377,99.97506,73.63237,80,0,150,1307.959,76.35513,0.9243254
0,Eye_Level,True,148.3143,114.0829,71.55679,80,0,150,1308.169,79.27711,0.5013728
0,Eye_Level,True,146.8691,129.4822,70.92842,80,0,150,1308.394,86.53978,0.6623634
0,Eye_Level,True,148.0755,145.6409,72.18295,80,0,150,1308.615,97.58488,0.5610041
0,Eye_Level,True,148.3506,160.5093,70.31576,80,0,150,1308.828,106.9054,0.7044473
0,Eye_Level,True,146.2079,175.0964,66.25394,80,0,150,1309.038,115.9625,0.7130804
0,Eye_Level,True,148.2601,190.0479,61.5969,80,0,150,1309.247,126.1259,0.7794158
0,Eye_Level,True,148.1332,205.905,58.27578,80,0,150,1309.458,138.7502,0.7764491
0,Eye_Level,True,147.9743,222.31,56.10736,80,0,150,1309.668,152.9846,0.8825358
0,Eye_Level,True,149.5166,237.6818,52.21866,80,0,150,1309.878,166.1041,0.7745507
0,Eye_Level,True,148.0539,251.9449,47.04937,80,0,150,1310.089,178.2764,0.7290958
0,Eye_Level,True,147.8726,265.5106,39.20516,80,0,150,1310.299,189.6201,0.78947
0,Eye_Level,True,149.3819,279.2437,31.9692,80,0,150,1310.508,201.7932,0.7359999
0,Eye_Level,True,148.0461,292.6579,26.92331,80,0,150,1310.717,214.3644,0.6718748
0,Eye_Level,True,149.0247,306.549,24.1804,80,0,150,1310.927,227.8379,0.6748365
0,Eye_Level,True,149.7202,317.7663,20.62091,80,0,150,1311.123,238.659,0.3664458
0,Eye_Level,True,148.7435,328.3806,16.09944,80,0,150,1311.332,248.905,0.5369065
0,Eye_Level,True,148.5459,337.8018,9.391106,80,0,150,1311.555,257.9769,0.4762071
0,Eye_Level,True,149.7108,344.7657,4.645097,80,0,150,1311.765,264.8066,0.3369156
0,Eye_Level,True,150.0053,349.5889,2.801216,80,0,150,1311.97,269.6035,0.2091909
0,Eye_Level,True,150.4039,353.5778,3.451097,80,0,150,1312.18,273.5999,0.2032025
0,Eye_Level,True,150.2858,356.8649,5.058658,80,0,150,1312.388,276.9112,0.1611211
0,Eye_Level,True,150.0279,358.5993,5.824459,80,0,150,1312.597,278.6602,0.04500321
0,Eye_Level,True,149.9496,358.7546,5.521047,80,0,150,1312.805,278.8093,0.03536933
0,Eye_Level,True,149.9811,357.2747,4.695642,80,0,150,1313.015,277.3145,0.1043317
0,Eye_Level,True,149.667,355.0504,4.509628,80,0,150,1313.224,275.0875,0.1065178
0,Eye_Level,True,149.8122,353.2017,5.074728,80,0,150,1313.433,273.2488,0.0971244
0,Eye_Level,True,150.1065,352.0723,5.909622,80,0,150,1313.643,272.1365,0.03864028
0,Eye_Level,True,149.9578,351.6499,6.472003,80,0,150,1313.896,271.727,0.01817074
0,Eye_Level,True,149.8644,351.3714,6.744468,80,0,150,1314.089,271.4552,0.03951212
0,Eye_Level,True,149.901,351.2763,7.841527,80,0,150,1314.314,271.3896,0.02681843
0,Eye_Level,True,149.737,351.3853,5.734813,80,0,150,1314.536,271.446,0.1349014
0,Eye_Level,True,149.7332,348.896,2.728784,80,0,150,1314.773,268.91,0.3133657
0,Eye_Level,True,149.7694,345.4123,-1.657021,80,0,150,1314.979,265.4176,0.4930899
0,Eye_Level,True,149.3406,341.0215,-6.353152,80,0,150,1315.182,261.0996,0.3273135
0,Eye_Level,True,148.9312,337.2499,-9.807884,80,0,150,1315.387,257.439,0.1812043
0,Eye_Level,True,149.0273,335.181,-10.51928,80,0,150,1315.594,255.3996,0.08756369
0,Eye_Level,True,148.7097,334.4796,-10.21982,80,0,150,1315.845,254.688,0.1295954
0,Eye_Level,True,148.886,334.3657,-8.969366,80,0,150,1316.066,254.5262,0.06631275
0,Eye_Level,True,148.9415,330.743,-5.542481,80,0,150,1316.344,250.8065,0.2354742
0,Eye_Level,True,148.2941,324.7912,-0.5943418,80,0,150,1316.552,244.7979,0.4457546
0,Eye_Level,True,148.2564,315.5014,3.749645,80,0,150,1316.789,235.5378,0.4432598
0,Eye_Level,True,147.4836,302.3596,5.915773,80,0,150,1317.04,222.4526,0.5850905
0,Eye_Level,True,147.2366,287.6901,5.92097,80,0,150,1317.29,207.7928,0.6173514
0,Eye_Level,True,149.0382,274.9027,9.391678,80,0,150,1317.513,195.1313,0.62723
0,Eye_Level,True,146.4314,259.6993,17.79031,80,0,150,1317.764,180.613,0.7471515
0,Eye_Level,True,148.8828,246.9094,25.3776,80,0,150,1317.972,168.8313,0.7184421
0,Eye_Level,True,148.5765,233.4787,30.49492,80,0,150,1318.181,156.4854,0.7177591
0,Eye_Level,True,147.4814,219.5441,33.81141,80,0,150,1318.39,143.604,0.7237079
0,Eye_Level,True,149.7378,206.5244,37.51892,80,0,150,1318.599,131.9703,0.6261598
0,Eye_Level,True,148.8337,194.3916,41.99384,80,0,150,1318.807,121.8617,0.6510479
0,Eye_Level,True,148.9657,181.6163,49.6199,80,0,150,1319.017,113.0888,0.8034552
0,Eye_Level,True,149.7065,169.0635,56.36424,80,0,150,1319.226,105.4007,0.6732579
0,Eye_Level,True,148.5134,155.8172,60.55168,80,0,150,1319.435,97.04102,0.6766121
0,Eye_Level,True,147.9711,141.666,62.53215,80,0,150,1319.643,87.84694,0.7234625
0,Eye_Level,True,149.8974,128.2462,65.46718,80,0,150,1319.852,81.32437,0.6509862
0,Eye_Level,True,147.8333,113.0028,68.85031,80,0,150,1320.061,76.38221,0.7728488
0,Eye_Level,True,148.7093,96.29533,73.66956,80,0,150,1320.27,75.4613,0.8050179
0,Eye_Level,True,149.3855,79.99177,76.64045,80,0,150,1320.478,76.64291,0.7821118
0,Eye_Level,True,145.8766,62.07642,77.29861,80,0,150,1320.687,79.45647,0.8727333
0,Eye_Level,True,149.1253,44.06231,76.39336,80,0,150,1320.896,84.42883,0.7537746
0,Eye_Level,True,149.047,25.77796,75.58091,80,0,150,1321.132,93.02371,0.8291763
0,Eye_Level,True,148.5148,7.77185,75.86249,80,0,150,1321.355,104.7579,0.9255781
0,Eye_Level,True,150.4171,-9.246206,75.58659,80,0,150,1321.579,116.9547,0.7569163
0,Eye_Level,True,148.3342,-26.03054,73.10033,80,0,150,1321.802,128.7979,0.7751313
0,Eye_Level,True,149.6879,-42.29042,68.07117,80,0,150,1322.026,139.9597,0.7032087
0,Eye_Level,True,150.9948,-58.48722,65.59917,80,0,150,1322.249,153.2415,0.7653105
0,Eye_Level,True,148.3118,-75.65363,64.73759,80,0,150,1322.475,168.5878,0.7733299
0,Eye_Level,True,150.8867,-91.37299,63.75309,80,0,150,1322.698,182.8495,0.6578937
0,Eye_Level,True,149.8928,-105.964,61.17532,80,0,150,1322.923,195.7678,0.6931743
0,Eye_Level,True,150.5236,-120.5345,56.35093,80,0,150,1323.148,208.3022,0.7306259
0,Eye_Level,True,151.7374,-133.7756,53.82891,80,0,150,1323.362,220.4554,0.57566
0,Eye_Level,True,150.4421,-147.0639,53.48441,80,0,150,1323.575,233.2783,0.6728712
0,Eye_Level,True,151.448,-160.1152,55.02628,80,0,150,1323.784,246.3439,0.5560016
0,Eye_Level,True,151.8169,-171.761,54.44403,80,0,150,1323.996,257.587,0.537558
0,Eye_Level,True,150.5795,-182.681,51.13385,80,0,150,1324.207,267.6122,0.5179508
0,Eye_Level,True,151.2412,-191.7456,46.4029,80,0,150,1324.416,275.6817,0.4612047
0,Eye_Level,True,152.1219,-198.7054,43.65628,80,0,150,1324.612,282.1118,0.2458856
0,Eye_Level,True,151.4596,-207.272,41.78571,80,0,150,1324.846,290.2987,0.3925652
0,Eye_Level,True,152.2249,-214.9072,41.46698,80,0,150,1325.053,297.8166,0.3435836
0,Eye_Level,True,152.2728,-218.7899,40.02501,80,0,150,1325.261,301.4674,0.1193415
0,Eye_Level,True,151.9085,-217.516,38.00638,80,0,150,1325.469,299.9398,0.2064009
0,Eye_Level,True,152.0202,-214.1132,35.92146,80,0,150,1325.674,296.3056,0.160307
0,Eye_Level,True,152.3024,-212.0937,34.29303,80,0,150,1325.901,294.1089,0.08611321
0,Eye_Level,True,152.3957,-212.0117,31.20392,80,0,150,1326.122,293.684,0.1631666
0,Eye_Level,True,152.3563,-213.4247,27.29608,80,0,150,1326.342,294.701,0.2156041
0,Eye_Level,True,152.3436,-214.9642,24.58315,80,0,150,1326.563,295.9961,0.09417815
0,Eye_Level,True,152.128,-215.3874,24.41236,80,0,150,1326.786,296.4021,0.07429673
0,Eye_Level,True,151.7664,-214.1366,25.84373,80,0,150,1327.008,295.2751,0.1305947
0,Eye_Level,True,151.5931,-214.2805,25.58443,80,0,150,1327.23,295.3948,0.04577285
0,Eye_Level,True,151.2282,-212.8737,25.59527,80,0,150,1327.453,293.9925,0.09685557
0,Eye_Level,True,150.9946,-211.292,23.93897,80,0,150,1327.676,292.2757,0.0749374
0,Eye_Level,True,151.3032,-210.9821,21.14984,80,0,150,1327.899,291.7526,0.1570937
0,Eye_Level,True,151.4177,-211.1053,17.48908,80,0,150,1328.135,291.6336,0.1669112
0,Eye_Level,True,151.1155,-211.3133,17.31488,80,0,150,1328.344,291.8295,0.09768672
0,Eye_Level,True,152.0316,-211.0972,18.72614,80,0,150,1328.553,291.706,0.05823136
0,Eye_Level,True,151.6755,-211.5019,17.66931,80,0,150,1328.762,292.0417,0.1153619
0,Eye_Level,True,151.3527,-211.2858,12.79741,80,0,150,1328.971,291.5699,0.2650713
0,Eye_Level,True,151.4824,-211.8529,7.433668,80,0,150,1329.179,291.9513,0.2660372
0,Eye_Level,True,151.3863,-211.931,4.683852,80,0,150,1329.389,291.9719,0.08771586
0,Eye_Level,True,151.5102,-211.8117,4.333556,80,0,150,1329.597,291.8478,0.02975384
0,Eye_Level,True,151.3709,-211.4486,4.700941,80,0,150,1329.806,291.4897,0.04122567
0,Eye_Level,True,151.3734,-211.133,4.505408,80,0,150,1330.015,291.1711,0.0313546
0,Eye_Level,True,151.4511,-210.515,5.41513,80,0,150,1330.224,290.5691,0.1117235
0,Eye_Level,True,151.6259,-209.8591,8.062535,80,0,150,1330.433,289.9758,0.1597913
0,Eye_Level,True,151.6622,-209.6699,11.40081,80,0,150,1330.642,289.8989,0.1451451
0,Eye_Level,True,151.6085,-210.3482,14.01829,80,0,150,1330.851,290.6908,0.130674
0,Eye_Level,True,151.71,-210.3379,16.05046,80,0,150,1331.059,290.7862,0.09450158
0,Eye_Level,True,151.5351,-210.0186,17.06624,80,0,150,1331.268,290.5243,0.04512548
0,Eye_Level,True,151.5651,-209.9586,16.39199,80,0,150,1331.477,290.4258,0.07716551
0,Eye_Level,True,151.8927,-210.1309,14.26548,80,0,150,1331.686,290.4875,0.1472227
0,Eye_Level,True,151.6253,-210.1856,11.99184,80,0,150,1331.895,290.4378,0.1027507
0,Eye_Level,True,151.8091,-210.2256,10.50305,80,0,150,1332.104,290.4212,0.06035158
0,Eye_Level,True,151.6939,-209.5629,9.916457,80,0,150,1332.314,289.7376,0.04247312
0,Eye_Level,True,151.6661,-208.9027,10.20029,80,0,150,1332.522,289.0875,0.03619869
0,Eye_Level,True,151.754,-208.4784,11.02062,80,0,150,1332.731,288.6941,0.05514488
0,Eye_Level,True,151.7498,-208.2106,11.94164,80,0,150,1332.939,288.4632,0.03932047
0,Eye_Level,True,151.7752,-207.9314,12.56749,80,0,150,1333.148,288.211,0.03397376
0,Eye_Level,True,151.8162,-207.851,13.21878,80,0,150,1333.356,288.1601,0.02794912
0,Eye_Level,True,151.8533,-207.6762,14.33293,80,0,150,1333.565,288.039,0.06266133
0,Eye_Level,True,151.8356,-207.7718,15.31899,80,0,150,1333.774,288.1851,0.03361644
0,Eye_Level,True,151.8753,-207.7814,15.2287,80,0,150,1333.983,288.1901,0.01395624
0,Eye_Level,True,151.8902,-207.5996,14.61113,80,0,150,1334.192,287.9767,0.02648391
0,Eye_Level,True,151.9565,-207.4571,14.32757,80,0,150,1334.401,287.8206,0.01554564
0,Eye_Level,True,151.918,-207.4623,14.43331,80,0,150,1334.609,287.8307,0.006395163
0,Eye_Level,True,151.9427,-207.6543,14.57663,80,0,150,1334.818,288.0299,0.0123525
0,Eye_Level,True,151.9743,-207.7947,14.6477,80,0,150,1335.027,288.174,0.004383699
0,Eye_Level,True,152.0399,-207.9618,14.66676,80,0,150,1335.236,288.3423,0.01330234
0,Eye_Level,True,152.0444,-208.0771,14.59493,80,0,150,1335.445,288.4538,0.00781123
0,Eye_Level,True,152.0419,-208.0026,14.59676,80,0,150,1335.653,288.3795,0.01051098
0,Eye_Level,True,152.0114,-207.7377,14.70698,80,0,150,1335.862,288.1203,0.01977744
0,Eye_Level,True,152.0002,-207.3619,14.89029,80,0,150,1336.071,287.7543,0.02191289
0,Eye_Level,True,151.9591,-206.9671,15.04379,80,0,150,1336.28,287.3678,0.02065797
0,Eye_Level,True,151.9241,-206.7647,14.73866,80,0,150,1336.489,287.1496,0.03073828
0,Eye_Level,True,151.854,-206.7586,14.33368,80,0,150,1336.698,287.1226,0.01801025
0,Eye_Level,True,151.7092,-207.0567,13.44005,80,0,150,1336.907,287.3763,0.07789561
0,Eye_Level,True,151.6855,-207.7791,11.34612,80,0,150,1337.115,288.0076,0.1185734
0,Eye_Level,True,151.4566,-208.9405,8.991009,80,0,150,1337.31,289.084,0.1043924
0,Eye_Level,True,151.4589,-210.0173,7.457381,80,0,150,1337.533,290.1168,0.05060396
0,Eye_Level,True,151.4375,-210.1968,6.980234,80,0,150,1337.756,290.2842,0.01799312
0,Eye_Level,True,151.4041,-209.9409,7.300979,80,0,150,1337.979,290.0362,0.03776009
0,Eye_Level,True,151.3815,-209.8186,8.294478,80,0,150,1338.201,289.9406,0.07110591
0,Eye_Level,True,151.611,-210.1882,9.350387,80,0,150,1338.424,290.3433,0.02936041
0,Eye_Level,True,151.5239,-210.3255,9.519753,80,0,150,1338.647,290.4856,0.01403642
0,Eye_Level,True,151.9257,-210.7895,9.65524,80,0,150,1338.87,290.9561,0.03283708
0,Eye_Level,True,151.9582,-210.947,9.603503,80,0,150,1339.093,291.112,0.01903184
0,Eye_Level,True,151.9929,-211.1033,9.45287,80,0,150,1339.315,291.2636,0.0129365
0,Eye_Level,True,152.0874,-211.1698,9.378758,80,0,150,1339.538,291.3282,0.01119025
0,Eye_Level,True,152.1591,-211.5045,9.429047,80,0,150,1339.761,291.6649,0.04350124
0,Eye_Level,True,152.2164,-211.812,9.598538,80,0,150,1339.984,291.9782,0.03611657
0,Eye_Level,True,152.0921,-212.2335,9.389106,80,0,150,1340.207,292.3918,0.03113975
0,Eye_Level,True,152.0725,-212.7991,8.95594,80,0,150,1340.429,292.9434,0.03903749
0,Eye_Level,True,152.2775,-213.2032,8.683713,80,0,150,1340.651,293.3406,0.02337976
0,Eye_Level,True,152.1655,-213.399,8.546712,80,0,150,1340.876,293.5314,0.01057816
0,Eye_Level,True,152.1896,-213.4287,8.475513,80,0,150,1341.098,293.5592,0.01556189
0,Eye_Level,True,152.1358,-213.2853,8.295597,80,0,150,1341.321,293.4104,0.01327047
0,Eye_Level,True,152.1414,-213.4421,8.403351,80,0,150,1341.545,293.5702,0.01682704
0,Eye_Level,True,152.3829,-213.9264,8.886416,80,0,150,1341.766,294.0704,0.03393583
0,Eye_Level,True,152.5798,-213.3075,9.65717,80,0,150,1341.99,293.4778,0.05921194
0,Eye_Level,True,152.5596,-212.7575,10.64554,80,0,150,1342.212,292.9622,0.03425609
0,Eye_Level,True,152.5484,-212.1237,11.32756,80,0,150,1342.434,292.3544,0.05977199
0,Eye_Level,True,152.3639,-211.2599,11.85776,80,0,150,1342.656,291.5108,0.03753339
0,Eye_Level,True,152.2968,-210.6099,12.35757,80,0,150,1342.88,290.8816,0.03935528
0,Eye_Level,True,152.1253,-209.9761,12.14235,80,0,150,1343.144,290.238,0.03183131
0,Eye_Level,True,152.0687,-209.9024,11.69894,80,0,150,1343.353,290.1457,0.03342524
0,Eye_Level,True,151.8892,-209.6829,11.03337,80,0,150,1343.562,289.8991,0.03775416
0,Eye_Level,True,151.8115,-209.4474,10.76509,80,0,150,1343.759,289.6532,0.01076879
0,Eye_Level,True,151.729,-209.1331,10.84854,80,0,150,1343.993,289.3417,0.01739024
0,Eye_Level,True,151.6923,-209.1248,10.65151,80,0,150,1344.202,289.3259,0.01646957
0,Eye_Level,True,151.6301,-209.1127,10.24175,80,0,150,1344.411,289.2986,0.02345381
0,Eye_Level,True,151.487,-209.5221,9.000847,80,0,150,1344.619,289.6658,0.08788416
0,Eye_Level,True,151.6846,-210.8816,7.279524,80,0,150,1344.856,290.9775,0.09291685
0,Eye_Level,True,151.5215,-212.5547,6.071937,80,0,150,1345.08,292.6217,0.06465959
0,Eye_Level,True,151.3868,-213.3579,5.75276,80,0,150,1345.304,293.4176,0.02238568
0,Eye_Level,True,151.6225,-213.0013,6.20715,80,0,150,1345.528,293.0715,0.06528519
0,Eye_Level,True,151.5614,-212.2452,6.619287,80,0,150,1345.75,292.3243,0.03016188
0,Eye_Level,True,151.5837,-212.1602,5.997956,80,0,150,1345.972,292.2261,0.04354674
0,Eye_Level,True,151.4707,-212.3328,5.149764,80,0,150,1346.195,292.3818,0.0372097
0,Eye_Level,True,151.4401,-212.5171,4.944688,80,0,150,1346.417,292.5625,0.01577855
0,Eye_Level,True,151.4521,-212.8644,4.892945,80,0,150,1346.64,292.9089,0.01590402
0,Eye_Level,True,151.3924,-212.9217,4.822021,80,0,150,1346.864,292.9647,0.01256918
0,Eye_Level,True,151.6406,-212.339,6.390041,80,0,150,1347.086,292.4134,0.143852
0,Eye_Level,True,151.4918,-211.861,10.63598,80,0,150,1347.308,292.0585,0.2148587
0,Eye_Level,True,151.8671,-212.2781,13.89013,80,0,150,1347.529,292.6139,0.09716056
0,Eye_Level,True,151.785,-211.2202,14.55893,80,0,150,1347.808,291.5894,0.06260786
0,Eye_Level,True,151.9484,-209.991,13.97976,80,0,150,1348.016,290.3343,0.0744999
0,Eye_Level,True,151.8513,-209.1991,13.84093,80,0,150,1348.226,289.536,0.0480171
0,Eye_Level,True,151.7323,-208.6375,13.95164,80,0,150,1348.434,288.9797,0.01660848
0,Eye_Level,True,151.6058,-208.1485,14.12154,80,0,150,1348.644,288.4988,0.02813057
0,Eye_Level,True,151.5983,-207.7667,13.95829,80,0,150,1348.839,288.1094,0.02605616
0,Eye_Level,True,151.4825,-207.2659,13.76919,80,0,150,1349.062,287.5995,0.02370446
0,Eye_Level,True,151.5076,-206.8801,13.70003,80,0,150,1349.283,287.211,0.01680795
0,Eye_Level,True,151.5018,-206.5764,13.68418,80,0,149.9991,1349.506,286.9068,0.00916428
0,Eye_Level,True,151.5202,-206.2577,13.88842,80,0,137.639,1349.73,286.9304,0.01684821
0,Above_Eyes,True,150.9564,-207.1811,13.64399,80,0,14.6326,1362.162,318.1876,0.005395923
0,Above_Eyes,True,150.9585,-207.0528,13.58325,80,0,38.93844,1362.384,308.4352,0.00676198
0,Above_Eyes,True,150.9734,-206.7156,13.48933,80,0,69.90399,1362.607,298.2617,0.02270808
0,Above_Eyes,True,150.8967,-205.8073,12.99131,80,0,103.9633,1362.83,289.9264,0.05402051
0,Above_Eyes,True,150.8859,-205.0414,11.98978,80,0,137.1229,1363.053,285.6252,0.06590883
0,Above_Eyes,True,150.6004,-204.3752,10.68424,80,0,164.9559,1363.276,284.9377,0.07878248
0,Above_Eyes,True,150.3632,-203.1197,8.915229,80,0,183.9084,1363.498,285.2394,0.1116461
0,Above_Eyes,True,150.409,-200.7424,8.689131,80,0,190,1363.724,283.6534,0.1033124
0,Above_Eyes,True,149.8213,-194.5693,13.12641,80,0,190,1363.972,277.8037,0.4590656
0,Above_Eyes,True,148.5945,-186.2544,20.66213,80,0,190,1364.18,270.2457,0.6033797
0,Above_Eyes,True,150.779,-176.1029,27.13067,80,0,190,1364.389,260.5053,0.5815634
0,Above_Eyes,True,149.7803,-163.8092,30.36419,80,0,190,1364.598,248.963,0.693755
0,Above_Eyes,True,148.4978,-146.1516,30.02527,80,0,190,1364.822,231.8803,0.9263392
0,Above_Eyes,True,151.6381,-128.3861,28.95416,80,0,190,1365.043,213.8568,0.7853064
0,Above_Eyes,True,149.2108,-109.881,29.94682,80,0,190,1365.266,196.5079,0.8482856
0,Above_Eyes,True,152.2239,-91.27013,31.60969,80,0,190,1365.49,178.2124,0.7198339
0,Above_Eyes,True,150.808,-73.78739,31.85723,80,0,190,1365.713,161.8686,0.821623
0,Above_Eyes,True,151.4092,-54.91393,28.6543,80,0,190,1365.939,143.2204,0.9642553
0,Above_Eyes,True,152.2229,-36.49387,28.80754,80,0,190,1366.164,125.8086,0.8061353
0,Above_Eyes,True,149.3069,-16.9749,30.06766,80,0,190,1366.387,109.3807,0.8687921
0,Above_Eyes,True,152.3172,2.058434,31.875,80,0,190,1366.611,92.25451,0.8172861
0,Above_Eyes,True,150.1208,20.78147,31.70572,80,0,190,1366.834,78.11807,0.9324586
0,Above_Eyes,True,149.7981,40.03334,28.6661,80,0,190,1367.061,63.5238,0.7989973
0,Above_Eyes,True,151.2674,58.22001,27.68594,80,0,190,1367.281,52.35545,0.8404176
0,Above_Eyes,True,150.1369,78.35493,28.24477,80,0,190,1367.505,48.88295,0.9674279
0,Above_Eyes,True,152.5499,96.36004,27.22019,80,0,190,1367.715,49.10298,0.6358272
0,Above_Eyes,True,149.0483,115.0458,24.33895,80,0,190,1367.927,59.14081,0.9720251
0,Above_Eyes,True,150.661,134.3964,19.72681,80,0,190,1368.137,69.96909,0.9483402
0,Above_Eyes,True,151.6023,153.5793,17.42006,80,0,190,1368.347,84.80424,0.8941182
0,Above_Eyes,True,150.7719,173.6547,17.73027,80,0,190,1368.559,103.0748,1.023712
0,Above_Eyes,True,152.6751,192.2858,16.91693,80,0,190,1368.767,119.5301,0.8861346
0,Above_Eyes,True,149.5013,210.7106,15.31404,80,0,190,1368.978,137.6951,0.9489956
0,Above_Eyes,True,150.0675,230.4062,12.13077,80,0,190,1369.187,156.0891,0.9323101
0,Above_Eyes,True,151.6151,248.8432,10.62135,80,0,190,1369.398,173.4769,0.8830633
0,Above_Eyes,True,150.1201,267.31,11.11039,80,0,190,1369.607,191.8304,0.9402452
0,Above_Eyes,True,152.0087,284.8505,11.08435,80,0,190,1369.815,208.6383,0.7649882
0,Above_Eyes,True,150.9202,300.5226,9.074438,80,0,190,1370.025,224.1424,0.7718036
0,Above_Eyes,True,150.2511,315.8139,5.751598,80,0,190,1370.234,239.2097,0.7026683
0,Above_Eyes,True,152.4877,327.3398,5.408561,80,0,190,1370.443,250.2267,0.5255587
0,Above_Eyes,True,151.767,337.242,6.98055,80,0,190,1370.653,260.1613,0.4083295
0,Above_Eyes,True,152.8326,344.4794,8.570517,80,0,190,1370.862,267.2157,0.3132298
0,Above_Eyes,True,153.0295,349.1306,8.233393,80,0,190,1371.07,271.7828,0.1811004
0,Above_Eyes,True,153.2615,351.2109,6.657493,80,0,190,1371.28,273.7689,0.1381533
0,Above_Eyes,True,152.9602,353.9171,5.628049,80,0,190,1371.488,276.4674,0.1235103
0,Above_Eyes,True,153.067,355.8048,4.484308,80,0,190,1371.698,278.3028,0.09626392
0,Above_Eyes,True,152.9697,357.0494,3.827894,80,0,190,1371.905,279.5394,0.06015944
0,Above_Eyes,True,152.6768,357.8549,3.869712,80,0,190,1372.114,280.3771,0.02685504
0,Above_Eyes,True,152.6571,357.9753,3.903377,80,0,190,1372.324,280.4996,0.01234027
0,Above_Eyes,True,152.5665,358.1371,4.322135,80,0,190,1372.531,280.6781,0.0129161
0,Above_Eyes,True,152.3168,357.6935,3.580368,80,0,190,1372.74,280.2616,0.06754583
0,Above_Eyes,True,152.2323,356.3982,3.243673,80,0,190,1372.949,278.9855,0.06654188
0,Above_Eyes,True,152.2695,355.0547,3.346145,80,0,190,1373.159,277.6506,0.06832787
0,Above_Eyes,True,152.4586,353.8726,4.040897,80,0,190,1373.367,276.4632,0.07163879
0,Above_Eyes,True,152.5692,353.2834,4.614961,80,0,190,1373.575,275.8735,0.02434577
0,Above_Eyes,True,152.487,353.9807,4.526174,80,0,190,1373.784,276.5739,0.05217088
0,Above_Eyes,True,152.2596,355.3059,4.726923,80,0,190,1373.994,277.9209,0.06782482
0,Above_Eyes,True,152.2771,355.7325,4.428566,80,0,190,1374.202,278.3362,0.03007682
0,Above_Eyes,True,152.2574,355.8708,3.402174,80,0,190,1374.411,278.4614,0.06923208
0,Above_Eyes,True,151.3746,357.4399,0.929153,80,0,190,1374.62,280.1172,0.2400598
0,Above_Eyes,True,150.5318,357.7753,-2.644455,80,0,190,1374.833,280.5777,0.0816846
0,Above_Eyes,True,150.1325,356.2507,-2.019036,80,0,190,1375.027,279.12,0.09990785
0,Above_Eyes,True,150.4741,349.3974,-0.2083421,80,0,190,1375.269,272.2817,0.5210958
0,Above_Eyes,True,150.9291,336.9901,3.849399,80,0,190,1375.479,259.9716,0.546948
0,Above_Eyes,True,150.3295,326.4761,7.892549,80,0,190,1375.695,249.7729,0.4884166
0,Above_Eyes,True,150.8344,315.3159,8.412159,80,0,190,1375.973,238.7013,0.4526343
0,Above_Eyes,True,149.664,305.2093,2.008283,80,0,190,1376.182,228.8018,0.6203051
0,Above_Eyes,True,151.0785,289.6598,-5.665076,80,0,190,1376.433,213.3171,0.7171995
0,Above_Eyes,True,148.7475,270.6221,-6.691229,80,0,190,1376.684,195.1495,0.7889839
0,Above_Eyes,True,150.4895,251.7969,-2.379668,80,0,190,1376.92,176.2978,0.6761087
0,Above_Eyes,True,149.8932,234.6258,-1.274502,80,0,190,1377.128,159.7477,0.8573133
0,Above_Eyes,True,151.4051,216.7624,-1.059449,80,0,190,1377.337,142.1079,0.9002658
0,Above_Eyes,True,151.9762,198.9092,2.015054,80,0,190,1377.546,124.857,0.8611648
0,Above_Eyes,True,148.4755,180.8079,5.778134,80,0,190,1377.755,109.1783,0.8606911
0,Above_Eyes,True,152.0421,162.7283,9.0119,80,0,190,1377.964,91.46573,0.8808619
0,Above_Eyes,True,150.9061,145.6536,9.714472,80,0,190,1378.172,77.02665,0.8288881
0,Above_Eyes,True,150.4841,128.06,5.891979,80,0,190,1378.381,62.49786,0.8542997
0,Above_Eyes,True,151.5671,113.1712,4.629624,80,0,190,1378.59,50.97891,0.7049662
0,Above_Eyes,True,148.476,94.72205,5.482471,80,0,190,1378.799,44.39638,0.9367349
0,Above_Eyes,True,151.7595,74.86536,7.051075,80,0,190,1379.008,39.22271,0.958162
0,Above_Eyes,True,149.2645,54.68526,6.048501,80,0,190,1379.216,48.34045,0.9962153
0,Above_Eyes,True,149.7164,33.76186,3.24322,80,0,190,1379.439,61.41051,0.9138439
0,Above_Eyes,True,150.6611,12.50553,4.734838,80,0,190,1379.662,78.26538,0.9370114
0,Above_Eyes,True,150.3763,-7.641864,10.0633,80,0,190,1379.885,96.70782,1.147687
0,Above_Eyes,True,151.3887,-27.49209,11.82328,80,0,190,1380.108,114.8267,0.8725147
0,Above_Eyes,True,149.2542,-47.80171,11.5694,80,0,190,1380.333,134.6378,0.9026203
0,Above_Eyes,True,151.668,-67.76678,12.88055,80,0,190,1380.557,153.2001,0.8556144
0,Above_Eyes,True,148.3264,-87.98071,15.41282,80,0,190,1380.784,173.7578,0.8745412
0,Above_Eyes,True,152.1351,-106.4847,18.30677,80,0,190,1380.995,191.1686,1.256307
0,Above_Eyes,True,150.7052,-124.2432,18.37326,80,0,190,1381.206,208.7988,0.8580121
0,Above_Eyes,True,149.9559,-140.356,15.62395,80,0,190,1381.418,224.5093,0.8056399
0,Above_Eyes,True,152.0001,-155.5625,13.7727,80,0,190,1381.63,239.0049,0.7366575
0,Above_Eyes,True,149.5604,-170.1411,13.38161,80,0,190,1381.843,253.742,0.6482926
0,Above_Eyes,True,151.9574,-181.8637,13.15548,80,0,190,1382.052,264.9395,0.5149745
0,Above_Eyes,True,151.5879,-190.0909,9.981796,80,0,190,1382.263,272.9912,0.376085
0,Above_Eyes,True,151.7076,-196.1546,6.21427,80,0,190,1382.471,278.8661,0.3332488
0,Above_Eyes,True,151.7395,-202.8098,4.6941,80,0,190,1382.681,285.4247,0.322161
0,Above_Eyes,True,152.128,-209.3236,3.819829,80,0,190,1382.89,291.8168,0.2715656
0,Above_Eyes,True,151.6721,-212.2517,1.649356,80,0,190,1383.099,294.7589,0.1142604
0,Above_Eyes,True,151.8866,-212.0739,2.283168,80,0,190,1383.307,294.559,0.1512473
0,Above_Eyes,True,151.5161,-213.5652,6.683028,80,0,190,1383.512,296.1523,0.3884462
0,Above_Eyes,True,152.3424,-217.0006,12.72091,80,0,190,1383.72,299.6486,0.2404218
0,Above_Eyes,True,151.8291,-216.0709,15.10296,80,0,190,1383.928,298.9031,0.13185
0,Above_Eyes,True,151.2436,-212.4528,13.67168,80,0,190,1384.135,295.3263,0.1458531
0,Above_Eyes,True,151.637,-211.9304,12.92105,80,0,190,1384.339,294.7237,0.07571901
0,Above_Eyes,True,152.1266,-211.4939,12.15554,80,0,190,1384.553,294.1953,0.04381821
0,Above_Eyes,True,152.5417,-211.5296,13.3187,80,0,190,1384.774,294.2278,0.135004
0,Above_Eyes,True,152.1856,-208.6897,18.0104,80,0,190,1384.994,291.7123,0.3003828
0,Above_Eyes,True,152.2773,-207.3291,23.98454,80,0,190,1385.231,290.7856,0.2345246
0,Above_Eyes,True,152.4832,-207.1911,24.06278,80,0,190,1385.44,290.629,0.04107562
0,Above_Eyes,True,152.322,-206.3655,22.54495,80,0,190,1385.649,289.7122,0.07563609
0,Above_Eyes,True,152.1715,-206.8311,21.06001,80,0,190,1385.858,290.0803,0.09514374
0,Above_Eyes,True,151.8692,-207.9835,20.31131,80,0,190,1386.067,291.2061,0.04489096
0,Above_Eyes,True,151.674,-209.4007,19.75919,80,0,190,1386.276,292.5954,0.0815262
0,Above_Eyes,True,151.7448,-209.9882,19.60089,80,0,190,1386.484,293.1566,0.02269379
0,Above_Eyes,True,151.7298,-210.295,19.49797,80,0,190,1386.693,293.4552,0.01694978
0,Above_Eyes,True,151.9082,-210.5592,19.92663,80,0,190,1386.901,293.7221,0.02018921
0,Above_Eyes,True,151.8409,-210.552,20.83803,80,0,190,1387.139,293.787,0.03252042
0,Above_Eyes,True,151.9133,-210.3108,21.13502,80,0,189.5995,1387.361,293.5085,0.01785577
0,Below_Eyes,True,151.1729,-208.6927,22.99301,80,0,24.16939,1398.387,316.2309,0.01089031
0,Below_Eyes,True,151.1287,-208.3249,22.9287,80,0,59.4811,1398.61,303.4078,0.01966189
0,Below_Eyes,True,151.185,-207.5586,22.52773,80,0,93.04729,1398.833,294.2404,0.06091039
0,Below_Eyes,True,151.3078,-205.6024,21.12313,80,0,109.7421,1399.056,289.3831,0.1492481
0,Below_Eyes,True,150.9054,-201.7603,18.32797,80,0,110,1399.279,285.3034,0.2538409
0,Below_Eyes,True,150.8788,-196.9983,18.18818,80,0,110,1399.501,280.5886,0.1987568
0,Below_Eyes,True,150.7424,-195.0198,19.94855,80,0,110,1399.724,278.736,0.07664795
0,Below_Eyes,True,149.7723,-195.9524,18.93531,80,0,110,1399.947,279.446,0.09900686
0,Below_Eyes,True,149.9358,-195.409,20.27491,80,0,110,1400.17,279.027,0.1551001
0,Below_Eyes,True,150.2142,-190.4489,25.8716,80,0,110,1400.434,274.6437,0.3474203
0,Below_Eyes,True,150.981,-184.0953,30.88691,80,0,110,1400.629,269.0349,0.356662
0,Below_Eyes,True,149.7172,-177.7501,27.54383,80,0,110,1400.894,262.2427,0.3859308
0,Below_Eyes,True,147.4592,-172.0792,14.77604,80,0,110,1401.102,255.2753,0.8210466
0,Below_Eyes,True,149.0651,-163.0331,-0.8161306,80,0,110,1401.311,246.1541,0.8803808
0,Below_Eyes,True,148.6833,-150.1576,-11.31738,80,0,110,1401.52,233.66,0.801982
0,Below_Eyes,True,147.7226,-132.841,-16.25021,80,0,110,1401.743,216.768,0.7925381
0,Below_Eyes,True,150.1693,-116.4956,-22.19479,80,0,110,1401.965,201.7838,0.8165566
0,Below_Eyes,True,146.7305,-99.2331,-29.82752,80,0,110,1402.189,185.3734,0.8766945
0,Below_Eyes,True,150.3049,-82.34431,-37.93278,80,0,110,1402.411,171.5199,0.9136422
0,Below_Eyes,True,147.6198,-63.72273,-43.31921,80,0,110,1402.635,154.7515,0.9591816
0,Below_Eyes,True,149.6178,-42.71054,-46.98609,80,0,110,1402.86,137.2412,0.8838859
0,Below_Eyes,True,148.5578,-22.14118,-54.17467,80,0,110,1403.083,121.8787,1.041236
0,Below_Eyes,True,149.2739,-0.5737543,-63.4143,80,0,110,1403.308,109.7996,1.191248
0,Below_Eyes,True,149.4673,21.84923,-69.47986,80,0,110,1403.531,98.82626,1.026491
0,Below_Eyes,True,148.1893,46.64285,-70.83861,80,0,110,1403.756,87.11619,1.234363
0,Below_Eyes,True,150.3332,68.91692,-72.85184,80,0,110,1403.98,84.00591,1.000361
0,Below_Eyes,True,147.0833,91.70458,-73.74929,80,0,110,1404.203,83.37341,1.04217
0,Below_Eyes,True,150.5673,117.3658,-73.71737,80,0,110,1404.443,92.06604,1.404204
0,Below_Eyes,True,146.5314,140.3434,-68.60455,80,0,110,1404.652,98.39947,1.233374
0,Below_Eyes,True,150.2741,163.0202,-62.02253,80,0,110,1404.861,111.1807,1.142387
0,Below_Eyes,True,149.6119,184.2197,-56.81902,80,0,110,1405.072,125.1369,1.11037
0,Below_Eyes,True,148.8006,207.0181,-51.26439,80,0,110,1405.283,142.3627,1.10737
0,Below_Eyes,True,150.9232,227.2611,-43.46296,80,0,110,1405.491,158.9012,1.026267
0,Below_Eyes,True,147.5659,246.8312,-33.09671,80,0,110,1405.701,174.1816,1.116916
0,Below_Eyes,True,150.5069,264.789,-23.87534,80,0,110,1405.912,190.6772,0.8571652
0,Below_Eyes,True,148.4012,281.2624,-16.85425,80,0,110,1406.123,205.5852,0.8832988
0,Below_Eyes,True,148.4801,298.1576,-11.4102,80,0,110,1406.334,221.819,0.7736664
0,Below_Eyes,True,150.0611,312.9884,-4.625952,80,0,110,1406.543,236.4527,0.7795487
0,Below_Eyes,True,150.0917,326.2085,3.259742,80,0,110,1406.753,249.4727,0.7628905
0,Below_Eyes,True,150.9115,338.3144,7.486808,80,0,110,1406.963,261.6412,0.5392138
0,Below_Eyes,True,149.3118,346.9246,8.340014,80,0,110,1407.17,269.9328,0.2892147
0,Below_Eyes,True,149.9212,353.1224,6.893051,80,0,110,1407.379,276.1106,0.3354792
0,Below_Eyes,True,149.6951,357.8836,6.551206,80,0,110,1407.589,280.7809,0.1616789
0,Below_Eyes,True,149.8628,362.001,7.921875,80,0,110,1407.8,284.9147,0.1905137
0,Below_Eyes,True,149.7225,364.5973,9.184444,80,0,110,1408.007,287.5028,0.1217042
0,Below_Eyes,True,149.5657,365.5646,9.710062,80,0,110,1408.216,288.456,0.0286598
0,Below_Eyes,True,149.3347,365.7833,8.89057,80,0,110,1408.426,288.6145,0.04484892
0,Below_Eyes,True,149.2604,365.8414,8.250034,80,0,110,1408.635,288.6429,0.04178724
0,Below_Eyes,True,149.271,365.1352,7.723749,80,0,110,1408.845,287.9305,0.04304913
0,Below_Eyes,True,148.737,364.1482,7.049501,80,0,110,1409.069,286.8631,0.04563181
0,Below_Eyes,True,147.709,362.2097,7.874763,80,0,110,1409.304,284.8268,0.08347946
0,Below_Eyes,True,149.8421,353.3077,9.76466,80,0,110,1409.543,276.369,0.5793152
0,Below_Eyes,True,149.5392,339.3776,14.18809,80,0,110,1409.772,262.7573,0.6097777