id,height_condition,social_framing,participant_y,participant_x,participant_z,drone_x,drone_z,drone_y,time,participant_drone_distance,velocity
4,Above_Eyes,True,0,-217.5,25.5,80,0,0,5.035557,298.5909,0
4,end,True,156.0951,-203.6809,34.81262,80,0,0,5.730865,325.657,0.01004449
4,end,True,155.8985,-203.4378,34.92503,80,0,0,5.967999,325.363,0.04490206
4,end,True,151.7331,-204.0294,35.04448,80,0,0,6.176371,323.9193,0.3621701
4,end,True,144.4353,-205.6082,34.75842,80,0,0,6.414781,321.9344,0.328926
4,end,True,141.3832,-207.3306,34.23976,80,0,0,6.62743,322.0566,0.166161
4,end,True,141.1812,-207.9481,34.49253,80,0,0,6.835244,322.546,0.1147182
4,end,True,143.9985,-208.0057,36.19283,80,0,0,7.046988,324.0259,0.09374032
4,end,True,146.189,-207.641,36.4826,80,0,0,7.30986,324.7146,0.1932918
4,end,True,146.7307,-207.7334,37.45284,80,0,0,7.519891,325.1509,0.1283075
4,end,True,146.1245,-206.7206,39.29222,80,0,0,7.728624,324.1989,0.132883
4,end,True,145.999,-206.6606,40.10917,80,0,0,7.934005,324.1894,0.02605036
4,end,True,144.6274,-205.9148,40.43008,80,0,0,8.140098,322.9534,0.0764531
4,end,True,144.3079,-206.1646,40.19973,80,0,0,8.349554,323.003,0.02209644
4,end,True,145.5395,-206.0775,39.90664,80,0,0,8.559603,323.4419,0.06634372
4,end,True,145.7222,-205.4565,40.43015,80,0,0,8.768651,323.0402,0.05210049
4,end,True,145.7679,-205.0519,40.89912,80,0,0,8.976888,322.7625,0.02800674
4,end,True,145.7897,-204.7953,41.25954,80,0,0,9.18573,322.5916,0.02477633
4,end,True,145.5923,-205.4391,42.12143,80,0,0,9.395777,323.1823,0.0793722
4,end,True,145.1497,-206.8953,45.49136,80,0,0,9.605898,324.7258,0.2074236
4,end,True,144.8763,-208.773,47.5393,80,0,0,9.817169,326.5562,0.1405292
4,end,True,145.0311,-211.7867,46.22944,80,0,0,10.02753,329.1059,0.1996249
4,end,True,144.011,-217.7976,41.08208,80,0,0,10.23695,333.3321,0.4834792
4,end,True,142.5777,-226.9713,34.7561,80,0,0,10.44692,340.2466,0.5009661
4,end,True,141.7178,-233.5137,31.92716,80,0,0,10.65706,345.5345,0.2387348
4,end,True,140.8976,-236.9331,32.03105,80,0,0,10.86412,348.317,0.1500922
4,end,True,139.8337,-238.8756,33.92176,80,0,0,11.071,349.8368,0.1453252
4,end,True,139.2061,-238.907,36.26832,80,0,0,11.27929,349.8506,0.1443458
4,end,True,139.1758,-239.2203,38.18054,80,0,0,11.48943,350.3274,0.05052641
4,end,True,140.1054,-239.2722,39.23011,80,0,0,11.69907,350.8607,0.1034195
4,end,True,143.1381,-238.28,37.95655,80,0,0,11.91044,351.0433,0.238504
4,end,True,147.955,-235.022,36.08161,80,0,0,12.11812,349.902,0.3797717
4,end,True,151.0806,-230.5207,37.486,80,0,0,12.32722,347.3523,0.2104019
4,end,True,151.6103,-226.5671,38.04765,80,0,0,12.53115,344.1172,0.3139685
4,end,True,151.737,-222.2421,36.02015,80,0,0,12.74996,340.1056,0.1659085
4,end,True,148.5203,-221.1612,34.12106,80,0,0,12.96422,337.5212,0.2088604
4,end,True,146.9096,-218.9332,31.0762,80,0,0,13.18257,334.5284,0.2493586
4,end,True,146.6114,-216.2716,30.32685,80,0,0,13.38393,331.9511,0.1049272
4,end,True,146.1965,-214.409,31.57748,80,0,0,13.59256,330.2229,0.09306072
4,end,True,146.0113,-213.6242,32.71015,80,0,0,13.80078,329.5518,0.05729596
4,end,True,145.7473,-213.0139,33.4045,80,0,0,14.01024,328.9609,0.04016688
4,end,True,145.8068,-212.6834,33.90874,80,0,0,14.2188,328.7446,0.03415305
4,end,True,145.7887,-212.6987,34.24149,80,0,0,14.42751,328.7846,0.008857975
4,end,True,145.7829,-212.819,34.40415,80,0,0,14.63528,328.9062,0.01093921
4,end,True,145.6343,-213.0346,34.25038,80,0,0,14.83995,329.0163,0.03776009
4,end,True,145.6259,-213.4202,33.85722,80,0,0,15.04524,329.3154,0.0485127
4,end,True,145.5116,-213.7987,33.56917,80,0,0,15.2697,329.5728,0.01619098
4,end,True,144.9006,-215.1218,32.67436,80,0,0,15.48146,330.3947,0.17366
4,end,True,142.0346,-217.9495,29.66192,80,0,0,15.69066,331.4024,0.2304668
4,end,True,139.9924,-219.9494,27.76763,80,0,0,15.90053,332.1725,0.134811
4,end,True,139.5336,-220.6392,27.13531,80,0,0,16.10875,332.5505,0.04913302
4,end,True,139.4935,-221.2134,26.88376,80,0,0,16.31824,333.0326,0.03038248
4,end,True,139.1687,-221.8967,26.51864,80,0,0,16.52783,333.4858,0.0283415
4,end,True,139.1859,-222.8899,26.34312,80,0,0,16.73632,334.3785,0.04806025
4,end,True,139.9187,-223.157,25.24065,80,0,0,16.94448,334.841,0.09931897
4,end,True,140.2561,-222.8654,22.87035,80,0,0,17.15422,334.5479,0.1421987
4,end,True,139.9433,-223.0782,20.95829,80,0,0,17.36465,334.4843,0.05155014
4,end,True,140.3831,-222.5022,20.14147,80,0,0,17.5723,334.0968,0.1335296
4,end,True,143.3407,-219.3496,19.18679,80,0,0,17.7805,332.4529,0.2234173
4,end,True,147.9456,-216.2853,18.99935,80,0,0,17.98648,331.7135,0.2548244
4,end,True,152.6771,-210.0084,22.13257,80,0,0,18.24166,328.489,0.362441
4,end,True,154.9969,-195.1738,26.67378,80,0,0,18.45896,316.9481,0.9753825
4,end,True,155.2414,-175.645,39.83901,80,0,0,18.69141,301.7307,1.164052
4,end,True,154.5787,-157.9829,51.26178,80,0,0,18.89918,288.3716,0.9868216
4,end,True,156.2383,-143.2513,57.76144,80,0,0,19.10718,278.5461,0.7492313
4,end,True,151.9141,-127.8496,58.71397,80,0,0,19.31658,264.0581,0.8909746
4,end,True,146.4595,-108.0687,55.79864,80,0,0,19.55916,244.8136,1.153384
4,end,True,146.5288,-93.99936,58.15133,80,0,0,19.78232,234.7936,0.6271263
4,end,True,143.8391,-83.6977,66.26932,80,0,0,20.01918,227.768,0.6291678
4,end,True,147.0226,-74.12236,76.88046,80,0,0,20.24391,226.4508,0.6557249
4,end,True,148.0469,-61.80906,81.35062,80,0,0,20.46898,220.5575,0.6724956
4,end,True,146.6099,-44.58966,79.75475,80,0,0,20.69165,208.2735,0.8681654
4,end,True,148.9718,-25.70837,76.69072,80,0,0,20.91621,198.1119,0.7729495
4,end,True,147.16,-5.036879,75.83627,80,0,0,21.1369,186.1141,1.019143
4,end,True,146.5481,19.1071,78.1751,80,0,0,21.36181,176.9057,1.185281
4,end,True,150.1517,40.41047,78.17461,80,0,0,21.58582,173.8509,0.8601572
4,end,True,148.1687,61.36279,76.20918,80,0,0,21.80876,167.6578,0.9835331
4,end,True,149.7999,82.8655,70.76935,80,0,0,22.03205,165.7001,0.9765257
4,end,True,150.5207,102.9806,69.6582,80,0,0,22.25426,167.4421,0.9212074
4,end,True,146.1402,124.6356,71.89132,80,0,0,22.47809,168.8717,1.034055
4,end,True,150.178,148.5592,75.54516,80,0,0,22.70287,181.5513,1.051757
4,end,True,150.7449,169.6442,75.62148,80,0,0,22.9258,190.9941,1.009238
4,end,True,147.5423,190.9174,72.39188,80,0,0,23.15133,198.2725,0.9735145
4,end,True,150.254,211.6604,70.45935,80,0,0,23.37242,211.8378,0.8820589
4,end,True,146.9815,231.5653,70.82404,80,0,0,23.59594,222.6918,0.913013
4,end,True,147.7812,251.5812,74.60541,80,0,0,23.80742,238.4226,0.7948462
4,end,True,154.7845,269.1287,76.06791,80,0,0,24.01648,255.9575,0.8011437
4,end,True,156.5317,283.882,76.20295,80,0,0,24.22882,268.0987,0.6947019
4,end,True,156.4877,297.2212,72.49049,80,0,0,24.43862,277.3595,0.6967111
4,end,True,159.4401,310.6206,70.23901,80,0,0,24.65063,289.0338,0.5968569
4,end,True,159.8233,323.3989,70.7024,80,0,0,24.86024,299.642,0.6074502
4,end,True,159.6112,336.2443,74.40385,80,0,0,25.07085,310.9225,0.6489205
4,end,True,160.7271,346.443,76.39922,80,0,0,25.28084,320.409,0.4082567
4,end,True,160.9739,352.0135,77.6133,80,0,0,25.48942,325.4655,0.215488
4,end,True,160.9834,352.8701,81.05024,80,0,0,25.69608,327.0212,0.1513728
4,end,True,161.3583,353.1062,83.31655,80,0,0,25.90291,327.9713,0.08638589
4,end,True,161.5824,354.0343,84.1442,80,0,0,26.11086,329.0652,0.08950957
4,end,True,161.3688,355.9877,86.15874,80,0,0,26.31876,331.1078,0.1442555
4,end,True,161.241,357.9129,87.42026,80,0,0,26.52774,332.9813,0.07556164
4,end,True,161.3154,359.9575,86.54555,80,0,0,26.73825,334.4981,0.2173898
4,end,True,162.582,363.3601,73.33716,80,0,0,26.94856,334.8197,0.793291
4,end,True,161.7243,358.2835,64.48788,80,0,0,27.15771,328.2607,0.3940293
4,end,True,161.3325,353.9275,57.5919,80,0,0,27.3664,323.0808,0.4446167
4,end,True,160.4625,348.4038,48.20594,80,0,0,27.57399,316.4058,0.5431488
4,end,True,160.7122,344.7652,38.80481,80,0,0,27.7865,312.1455,0.4260731
4,end,True,160.7573,341.5847,31.4504,80,0,0,27.99341,308.6399,0.4730041
4,end,True,158.0065,334.6051,29.88437,80,0,0,28.19299,301.136,0.4361113
4,end,True,157.1172,331.2825,36.06147,80,0,0,28.48039,298.545,0.3844507
4,end,True,157.7867,320.9396,45.16496,80,0,0,28.70117,291.5277,0.8330462
4,end,True,155.6098,302.4978,61.67296,80,0,0,28.95224,278.43,1.065612
4,end,True,156.1115,286.003,70.56168,80,0,0,29.20212,267.9309,0.7734891
4,end,True,149.0496,264.8716,73.26888,80,0,0,29.45243,248.5189,0.9982665
4,end,True,148.8502,240.9029,71.44755,80,0,0,29.67685,230.5448,1.094036
4,end,True,151.583,223.1368,73.01077,80,0,0,29.88439,220.8984,0.8749264
4,end,True,149.4852,206.0545,76.18004,80,0,0,30.09344,209.8546,0.8741831
4,end,True,150.0664,189.1434,84.35281,80,0,0,30.30212,203.8323,0.9451708
4,end,True,149.2188,169.708,87.25184,80,0,0,30.51105,194.7477,0.9996613
4,end,True,146.2288,149.1232,85.14436,80,0,0,30.72136,182.7852,1.093219
4,end,True,151.514,128.6546,82.05081,80,0,0,30.92926,179.0421,0.9723675
4,end,True,151.9624,108.9672,81.87775,80,0,0,31.13789,175.0304,0.9706774
4,end,True,153.2619,87.21983,86.11397,80,0,0,31.3466,175.9458,1.11394
4,end,True,159.436,66.75114,88.29604,80,0,0,31.55513,182.7336,0.9863195
4,end,True,158.9505,45.16544,87.83811,80,0,0,31.7644,184.9168,1.062753
4,end,True,159.8736,23.09556,83.77837,80,0,0,31.97256,189.2525,1.069664
4,end,True,164.889,3.126383,83.18015,80,0,0,32.18235,200.0421,0.9687725
4,end,True,159.9017,-17.96644,84.53204,80,0,0,32.39194,205.6979,1.12545
4,end,True,158.8491,-40.62729,87.59501,80,0,0,32.58869,217.846,0.8686485
4,end,True,158.0848,-63.29443,82.87584,80,0,0,32.82526,228.8941,0.8864576
4,end,True,153.7494,-83.58099,76.2972,80,0,0,33.05105,237.1052,1.014295
4,end,True,157.2356,-104.3522,69.94044,80,0,0,33.27711,252.1913,0.9523757
4,end,True,157.3737,-123.8509,64.50103,80,0,0,33.50135,265.4846,0.9272524
4,end,True,155.8032,-142.0703,60.23203,80,0,0,33.72701,277.8808,0.7892236
4,end,True,160.5554,-157.0381,54.43089,80,0,0,33.9469,291.4237,0.6796091
4,end,True,161.6716,-169.1534,47.14759,80,0,0,34.17126,300.7291,0.648598
4,end,True,159.5973,-175.0789,35.48758,80,0,0,34.39454,302.9785,0.5911503
4,end,True,161.2944,-180.1805,24.16013,80,0,0,34.61751,307.0725,0.5709448
4,end,True,161.7039,-183.603,14.41608,80,0,0,34.84028,309.5844,0.438662
4,end,True,160.8812,-187.6375,7.302824,80,0,0,35.05957,312.3554,0.4534119
4,end,True,162.1185,-193.5146,1.347211,80,0,0,35.27826,317.9536,0.197939
4,end,True,161.7784,-194.3597,2.449086,80,0,0,35.49681,318.5146,0.1981989
4,end,True,162.8189,-193.4186,12.39632,80,0,0,35.77415,318.4673,0.4233815
4,end,True,164.2044,-194.3272,16.64728,80,0,0,35.98308,320.1494,0.156024
4,end,True,163.6184,-196.4229,17.26708,80,0,0,36.1917,321.6812,0.1800531
4,end,True,164.7184,-198.5904,15.29863,80,0,0,36.40115,324.0044,0.1026348
4,end,True,163.5186,-198.9573,13.72952,80,0,0,36.60903,323.6418,0.1220967
4,end,True,160.2948,-197.4783,12.27171,80,0,0,36.81832,320.6855,0.13344
4,end,True,160.2366,-196.4058,11.81233,80,0,0,37.02715,319.7116,0.07941578
4,end,True,161.2549,-195.664,12.82417,80,0,0,37.23561,319.622,0.1175145
4,end,True,162.7,-195.9257,14.08639,80,0,0,37.44517,320.6317,0.09555281
4,end,True,166.7856,-198.6416,14.63245,80,0,0,37.65385,325.0734,0.1415325
4,end,True,169.4109,-202.5472,14.45748,80,0,0,37.86299,329.7605,0.2292521
4,end,True,169.989,-204.3322,14.58528,80,0,0,38.09365,331.5928,0.04538767
4,end,True,170.2042,-204.3638,15.11287,80,0,0,38.32004,331.7539,0.02784763
4,end,True,170.6868,-204.2013,15.13735,80,0,0,38.54545,331.8637,0.06801013
4,end,True,171.073,-205.2645,14.99953,80,0,0,38.76681,332.9666,0.03982791
4,end,True,171.6511,-207.6833,14.89237,80,0,0,38.98904,335.332,0.1564642
4,end,True,171.8382,-210.1075,14.67508,80,0,0,39.1889,337.4998,0.09025846
4,end,True,171.5107,-210.4143,13.87835,80,0,0,39.40117,337.5633,0.03378177
4,end,True,171.5726,-210.3854,14.18873,80,0,0,39.61094,337.5828,0.02426689
4,end,True,172.0846,-211.0565,14.46569,80,0,0,39.82018,338.432,0.08563518
4,end,True,173.9501,-213.3969,14.49197,80,0,0,40.03921,341.3948,0.1253525
4,end,True,174.6363,-215.341,14.26646,80,0,0,40.22105,343.406,0.05473915
4,end,True,174.7469,-216.5,14.40618,80,0,0,40.44549,344.4651,0.04727947
4,end,True,174.7223,-216.9381,14.39096,80,0,0,40.67002,344.8292,0.02840597
4,end,True,174.9246,-217.2372,14.28423,80,0,0,40.89183,345.1849,0.01765793
4,end,True,175.1821,-216.8414,14.39246,80,0,0,41.1156,344.9793,0.007686923
4,end,True,174.1193,-214.735,13.65171,80,0,0,41.34979,342.5969,0.2008387
4,end,True,172.7626,-213.1933,13.08142,80,0,0,41.55355,340.5589,0.06798056
4,end,True,171.9936,-213.0824,13.09074,80,0,0,41.75775,340.0742,0.03375444
4,end,True,171.5836,-213.6238,13.50591,80,0,0,41.96792,340.3502,0.03845346
4,end,True,171.603,-213.9996,14.10773,80,0,0,42.17502,340.7086,0.02801953
4,end,True,172.4708,-214.1557,14.91142,80,0,0,42.38467,341.3152,0.0815538
4,end,True,174.7148,-214.6305,16.29154,80,0,0,42.59849,342.9254,0.1389307
4,end,True,175.4296,-214.659,16.81826,80,0,0,42.81065,343.3399,0.01324424
4,end,True,175.4574,-214.0902,16.50281,80,0,0,43.01937,342.8508,0.03393679
4,end,True,175.3133,-213.3958,15.70922,80,0,0,43.22754,342.1442,0.06012706
4,end,True,174.9437,-212.4829,14.54712,80,0,0,43.43746,341.1204,0.06298583
4,end,True,173.3893,-210.3776,12.71988,80,0,0,43.64256,338.4446,0.2022866
4,end,True,170.3398,-208.0911,11.53258,80,0,0,43.84549,334.8808,0.182429
4,end,True,168.3983,-205.6077,11.20343,80,0,0,44.09747,331.7458,0.103188
4,end,True,166.7792,-204.4263,11.74528,80,0,0,44.31487,329.9266,0.06459511
4,end,True,162.7385,-200.6379,10.22738,80,0,0,44.58781,324.5706,0.3334536
4,end,True,152.1714,-196.5317,4.94509,80,0,0,44.79611,315.6745,0.6285158
4,end,True,144.7215,-193.7691,-3.400579,80,0,0,45.03836,309.686,0.3468305
4,end,True,139.3769,-189.6866,-4.512808,80,0,0,45.26458,303.6069,0.3742657
4,end,True,134.0396,-183.019,-0.8116871,80,0,0,45.4914,295.2054,0.4199088
4,end,True,124.6736,-179.586,-2.196121,80,0,0,45.71589,287.9813,0.5663431
4,end,True,105.0112,-180.8451,-6.620946,80,0,0,45.94025,281.2674,1.105737
4,end,True,83.9966,-182.4369,-8.579394,80,0,0,46.1599,275.6849,0.8600181
4,end,True,70.12363,-182.6923,-11.22325,80,0,0,46.38579,272.1223,0.5013983
4,end,True,62.40321,-181.7523,-13.25148,80,0,0,46.60983,269.4142,0.2517594
4,end,True,58.50363,-181.3306,-14.56328,80,0,0,46.83274,268.1948,0.1668324
4,end,True,56.88988,-180.957,-14.98199,80,0,0,47.05402,267.5061,0.03038598
4,end,True,56.53988,-181.9215,-15.45412,80,0,0,47.27771,268.3998,0.08522633
4,end,True,55.48367,-184.2491,-15.57594,80,0,0,47.49938,270.46,0.1302742
4,end,True,55.223,-186.386,-15.61097,80,0,0,47.72342,272.4973,0.1071483
4,end,True,55.41775,-187.82,-15.70207,80,0,0,47.94516,273.9438,0.04993203
4,end,True,55.8097,-188.1113,-16.05594,80,0,0,48.16949,274.3286,0.01747731
4,end,True,57.14157,-188.0753,-16.81115,80,0,0,48.39188,274.6128,0.2046161
4,end,True,82.33276,-188.9106,-12.96947,80,0,0,48.61399,281.5312,1.356174
4,end,True,111.0314,-191.8541,-10.29971,80,0,0,48.83419,293.8345,1.417296
4,end,True,139.9134,-196.7795,-5.974445,80,0,0,49.05202,310.1909,1.188159
4,end,True,151.2334,-201.5264,2.116902,80,0,0,49.27555,319.5827,0.3903117
4,end,True,154.0732,-202.1441,7.327653,80,0,0,49.49982,321.5549,0.2246244
4,end,True,152.8845,-198.3279,10.31986,80,0,0,49.71337,317.7209,0.2171662
4,end,True,151.9162,-193.0628,11.56582,80,0,0,49.9404,312.6909,0.2091961
4,end,True,151.2206,-191.27,15.3332,80,0,0,50.14957,310.9504,0.2207114
4,end,True,148.1714,-191.1846,18.67073,80,0,0,50.35855,309.5876,0.1811388
4,end,True,147.6189,-192.3103,20.15787,80,0,0,50.56749,310.4039,0.06848722
4,end,True,150.3151,-192.2659,16.31585,80,0,0,50.77629,311.4315,0.3725779
4,end,True,157.1984,-185.6055,5.055335,80,0,0,50.99577,308.6798,1.006258
4,end,True,163.1051,-177.4564,6.189651,80,0,0,51.21187,304.8367,0.4689084
4,end,True,163.7641,-183.92,9.604934,80,0,0,51.42778,310.7486,0.3452012
4,end,True,164.6052,-186.4601,9.977421,80,0,0,51.70277,313.3615,0.04760231
4,end,True,163.2757,-184.1021,12.46899,80,0,0,51.9112,310.748,0.2137627
4,end,True,163.5335,-181.2144,16.2216,80,0,0,52.12316,308.6087,0.2008348
4,end,True,163.6905,-179.1104,17.9643,80,0,0,52.32814,307.0106,0.1078578
4,end,True,163.8116,-178.3658,17.94533,80,0,0,52.53923,306.446,0.05162163
4,end,True,161.8991,-179.6191,14.85288,80,0,0,52.74684,306.3234,0.2334744
4,end,True,157.9476,-180.6083,14.16202,80,0,0,52.95533,305.0651,0.1244977
4,end,True,157.3505,-181.5402,14.53708,80,0,0,53.16453,305.5712,0.08498333
4,end,True,158.0578,-182.5711,15.30497,80,0,0,53.3729,306.8552,0.1130966
4,end,True,159.6015,-182.806,17.93625,80,0,0,53.58188,307.9957,0.1408551
4,end,True,160.1686,-182.6369,20.14252,80,0,0,53.79084,308.2822,0.08921617
4,end,True,160.3088,-182.2861,21.54524,80,0,0,54.00079,308.1511,0.06206067
4,end,True,160.1556,-182.0144,22.41212,80,0,0,54.20858,307.9021,0.03905284
4,end,True,160.1547,-182.0486,23.17149,80,0,0,54.41776,307.9869,0.02740964
4,end,True,160.0284,-182.1203,23.47621,80,0,0,54.62626,308.0053,0.01027755
4,end,True,160.0079,-182.0729,23.15192,80,0,0,54.8368,307.9298,0.02373627
4,end,True,159.9504,-181.9726,22.23414,80,0,0,55.04561,307.7469,0.05420586
4,end,True,159.9059,-181.9098,21.56389,80,0,0,55.25377,307.6226,0.03212108
4,end,True,159.9256,-181.8992,21.02689,80,0,0,55.46157,307.5866,0.02000444
4,end,True,160.0175,-182.0153,20.65617,80,0,0,55.67049,307.7082,0.02102387
4,end,True,160.1605,-182.3324,20.43107,80,0,0,55.88036,308.0375,0.02462675
4,end,True,160.2378,-182.5321,20.37878,80,0,0,56.08903,308.2443,0.01175057
4,end,True,160.1947,-182.8015,20.44843,80,0,0,56.29743,308.456,0.01117726
4,end,True,160.0688,-182.9797,20.55401,80,0,0,56.50583,308.5495,0.01292398
4,end,True,160.0128,-183.0071,20.5494,80,0,0,56.71496,308.5435,0.003214627
4,end,True,160.0333,-183.1332,20.45406,80,0,0,56.92362,308.6553,0.01170653
4,end,True,160.0296,-183.2851,20.47829,80,0,0,57.13214,308.7845,0.009270084
4,end,True,160.0404,-183.329,20.41428,80,0,0,57.34149,308.8233,0.0128183
4,end,True,160.0175,-183.3975,20.38039,80,0,0,57.54984,308.8677,0.008189323
4,end,True,159.9585,-183.4885,20.29389,80,0,0,57.75953,308.909,0.0160113
4,end,True,159.9761,-183.6655,20.06857,80,0,0,57.96802,309.0544,0.01443393
4,end,True,160.0204,-183.8449,19.99224,80,0,0,58.17682,309.2255,0.005952094
4,end,True,160.0704,-183.8811,19.93436,80,0,0,58.38623,309.2784,0.005152293
4,end,True,160.0015,-183.7596,19.83677,80,0,0,58.59437,309.1328,0.02022202
4,end,True,159.9825,-183.7284,19.96534,80,0,0,58.80484,309.1046,0.006708299
4,end,True,159.9975,-183.6935,19.92281,80,0,0,59.01294,309.0799,0.003045183
4,end,True,159.9559,-183.6551,19.72227,80,0,0,59.22113,309.0127,0.01217862
4,end,True,160.0173,-183.6997,19.78927,80,0,0,59.42987,309.0868,0.008993166
4,end,True,160.0299,-183.7608,19.75716,80,0,0,59.6387,309.1434,0.01108189
4,end,True,159.7707,-183.8382,19.56676,80,0,0,59.84735,309.0633,0.03374632
4,end,True,158.084,-186.3592,13.01064,80,0,0,60.05598,310.0114,0.4675486
4,end,True,156.7656,-194.2708,7.415399,80,0,0,60.26719,315.9982,0.4173508
4,end,True,156.1041,-201.9245,5.169363,80,0,0,60.4933,322.299,0.3273563
4,end,True,155.3619,-206.0609,3.642453,80,0,0,60.72048,325.5479,0.1147762
4,end,True,153.352,-205.9511,2.932556,80,0,0,60.94514,324.4895,0.1223261
4,end,True,152.3596,-200.5515,2.708085,80,0,0,61.1605,319.2647,0.2077922
4,end,True,151.5812,-196.6409,2.752635,80,0,0,61.37354,315.4594,0.1461305
4,end,True,151.6512,-194.9134,5.767038,80,0,0,61.58149,314.0203,0.1890415
4,end,True,149.7076,-194.6993,9.749397,80,0,0,61.78907,312.997,0.3629995
4,end,True,148.094,-195.9607,16.94998,80,0,0,61.99857,313.6454,0.3619787
4,end,True,147.8004,-198.4343,23.389,80,0,0,62.20617,316.0975,0.3211509
4,end,True,147.8326,-201.4573,26.45761,80,0,0,62.41583,319.0183,0.1377369
4,end,True,149.2868,-204.3993,26.17903,80,0,0,62.62597,322.2652,0.2477037
4,end,True,153.0459,-206.237,23.28674,80,0,0,62.83717,325.4181,0.2760815
4,end,True,159.1316,-209.0464,20.05744,80,0,0,63.049,330.5646,0.4460126
4,end,True,160.6581,-217.8281,16.66586,80,0,0,63.26125,338.8073,0.6052666
4,end,True,146.8137,-224.238,13.5363,80,0,0,63.46809,338.0803,0.8468868
4,end,True,128.0894,-225.4409,12.88677,80,0,0,63.67701,331.4621,1.105227
4,end,True,114.1548,-223.7711,12.13684,80,0,0,63.88943,324.7391,0.5830112
4,end,True,105.8697,-224.5768,12.84923,80,0,0,64.095,322.7081,0.3984012
4,end,True,96.92461,-231.0478,15.14942,80,0,0,64.30438,326.1512,0.4861068
4,end,True,90.67388,-238.6133,15.91109,80,0,0,64.51315,331.6464,0.3871021
4,end,True,87.25889,-244.016,16.31594,80,0,0,64.72183,335.9564,0.2011844
4,end,True,85.51326,-246.2249,16.75627,80,0,0,64.92995,337.6625,0.07499769
4,end,True,84.22005,-246.5117,16.60347,80,0,0,65.14011,337.6072,0.05394445
4,end,True,83.42194,-246.3728,16.49809,80,0,0,65.34824,337.2693,0.02710272
4,end,True,82.8107,-246.1835,16.71412,80,0,0,65.55677,336.946,0.04507923
4,end,True,82.64281,-246.2078,16.83678,80,0,0,65.76704,336.9344,0.007243763
4,end,True,82.64749,-246.2419,16.77152,80,0,0,65.97562,336.9654,0.01149087
4,end,True,82.59829,-246.2602,16.75409,80,0,0,66.19143,336.9702,0.01282309
4,end,True,82.59713,-246.2185,16.78776,80,0,0,66.39148,336.9312,0.0006277854
4,end,True,82.60847,-246.2279,16.80664,80,0,0,66.60133,336.944,0.002615874
4,end,True,82.63696,-246.2404,16.8137,80,0,0,66.81058,336.9635,0.001565794
4,end,True,82.63464,-246.2363,16.80849,80,0,0,67.01946,336.9586,0.001036137
4,end,True,82.6365,-246.2357,16.79967,80,0,0,67.22854,336.9581,0.0007218727
4,end,True,82.63639,-246.2335,16.80019,80,0,0,67.43814,336.956,0.0006574659
4,end,True,82.63084,-246.2357,16.78928,80,0,0,67.64546,336.9562,0.002529715
4,end,True,82.62636,-246.2412,16.79382,80,0,0,67.85545,336.9606,0.0005613543
4,end,True,82.63588,-246.2351,16.79157,80,0,0,68.06499,336.957,0.001202804
4,end,True,82.63229,-246.2429,16.794,80,0,0,68.27273,336.9637,0.0005436012
4,end,True,82.63464,-246.2344,16.79531,80,0,0,68.48344,336.9562,0.0008158566
4,end,True,82.63313,-246.2395,16.79291,80,0,0,68.69087,336.9606,0.0007429749
4,end,True,82.63101,-246.2374,16.78438,80,0,0,68.89919,336.9576,0.001133314
4,end,True,82.63319,-246.2388,16.78675,80,0,0,69.10695,336.9596,0.001479601
4,end,True,82.62308,-246.238,16.79822,80,0,0,69.31652,336.9569,0.002782004
4,end,True,82.63174,-246.2346,16.78898,80,0,0,69.52567,336.9553,0.003831907
4,end,True,82.62473,-246.2315,16.79652,80,0,0,69.73734,336.951,0.001159488
4,end,True,82.63334,-246.2334,16.78792,80,0,0,69.94357,336.9545,0.0005077361
4,end,True,82.62736,-246.236,16.78317,80,0,0,70.15234,336.9553,0.001545928
4,end,True,82.62948,-246.2344,16.78915,80,0,0,70.36246,336.9546,0.0006036197
4,end,True,82.62971,-246.236,16.78126,80,0,0,70.56998,336.9558,0.001399324
4,end,True,82.62846,-246.2396,16.79714,80,0,0,70.78072,336.9598,0.001194989
4,end,True,82.63548,-246.233,16.78883,80,0,0,70.9878,336.9547,0.001461925
4,end,True,82.64165,-246.239,16.79664,80,0,0,71.19756,336.9624,0.001131231
4,end,True,82.63085,-246.2407,16.78811,80,0,0,71.40501,336.961,0.0006454819
4,end,True,82.62933,-246.2367,16.79062,80,0,0,71.61502,336.9568,0.0008245507
4,end,True,82.6267,-246.2329,16.79677,80,0,0,71.82157,336.9528,0.0009337076
4,end,True,82.62408,-246.2408,16.78259,80,0,0,72.03209,336.9591,0.001289055
4,end,True,82.63156,-246.2497,16.78461,80,0,0,72.24135,336.9697,0.000449437
4,end,True,82.63622,-246.244,16.78874,80,0,0,72.44968,336.9655,0.0006081419
4,end,True,82.63148,-246.2439,16.77982,80,0,0,72.65811,336.9638,0.002232128
4,end,True,82.63794,-246.2361,16.78084,80,0,0,72.86784,336.9579,0.001349822
4,end,True,82.63155,-246.2403,16.7779,80,0,0,73.07584,336.9602,0.001230592
4,end,True,82.6295,-246.2474,16.79319,80,0,0,73.28506,336.9674,0.001956247
4,end,True,82.6367,-246.2477,16.78819,80,0,0,73.49448,336.9692,0.001371716
4,end,True,82.63109,-246.2378,16.77992,80,0,0,73.703,336.9578,0.001016015
4,end,True,82.63817,-246.2393,16.78169,80,0,0,73.91265,336.9611,0.002193267
4,end,True,82.62984,-246.2314,16.77056,80,0,0,74.12048,336.9508,0.001196523
4,end,True,82.63145,-246.2415,16.77586,80,0,0,74.3296,336.9613,0.002113299
4,end,True,82.63667,-246.2413,16.77792,80,0,0,74.53636,336.9624,0.0006952154
4,end,True,82.63848,-246.2381,16.78354,80,0,0,74.74744,336.9601,0.0005787946
4,end,True,82.63078,-246.234,16.7849,80,0,0,74.9557,336.9543,0.0009594321
4,end,True,82.63414,-246.2494,16.78615,80,0,0,75.16512,336.9701,0.001770617
4,end,True,82.63529,-246.2354,16.79759,80,0,0,75.37341,336.9573,0.001478419
4,end,True,82.62697,-246.2367,16.78271,80,0,0,75.58279,336.9559,0.001163122
4,end,True,82.62783,-246.2487,16.77298,80,0,0,75.79247,336.9673,0.00160428
4,end,True,82.62665,-246.2452,16.77514,80,0,0,75.99896,336.9637,0.00223115
4,end,True,82.62998,-246.2472,16.77255,80,0,0,76.21089,336.9662,0.001539286
4,end,True,82.63433,-246.2346,16.78176,80,0,0,76.41749,336.9556,0.0009210494
4,end,True,82.63592,-246.2384,16.78389,80,0,0,76.62664,336.9598,0.001493461
4,end,True,82.64009,-246.2418,16.77869,80,0,0,76.83617,336.9638,0.001811635
4,end,True,82.64394,-246.2412,16.7766,80,0,0,77.04401,336.9641,0.001538086
4,end,True,82.63783,-246.241,16.76692,80,0,0,77.25269,336.962,0.001127852
4,end,True,82.63043,-246.2401,16.76804,80,0,0,77.46214,336.9593,0.0002568511
4,end,True,82.62878,-246.2361,16.76725,80,0,0,77.67073,336.9549,0.001330091
4,end,True,82.63486,-246.2378,16.77285,80,0,0,77.88019,336.9584,0.0006858888
4,end,True,82.63313,-246.2437,16.77204,80,0,0,78.08979,336.9636,0.001093238
4,end,True,82.62244,-246.2353,16.76647,80,0,0,78.32215,336.9526,0.001442579
4,end,True,74.54436,-249.3778,17.29317,80,0,0,123.6768,338.1503,0.2607199
4,end,True,75.13987,-249.8251,17.85861,80,0,0,123.8684,338.747,0.05654421
4,end,True,72.88579,-249.1423,18.11563,80,0,0,124.1096,337.6021,0.07047614
4,end,True,72.06776,-249.0631,17.6586,80,0,0,124.358,337.3249,0.07428881
4,end,True,144.2955,-208.8944,25.72341,80,0,0,124.5634,323.9489,0.2244019
4,end,True,144.6413,-209.4804,25.54602,80,0,0,124.7652,324.6114,0.05700728
4,end,True,145.4374,-209.9817,25.94359,80,0,0,124.9967,325.445,0.0861356
4,end,True,145.908,-210.6719,25.22361,80,0,0,125.2208,326.214,0.1385322
4,end,True,145.7386,-210.8028,24.78148,80,0,0,125.4443,326.221,0.0773648
4,end,True,147.966,-213.8981,25.49706,80,0,0,125.6664,330.0305,0.1009388
4,end,True,148.9437,-214.2549,27.62113,80,0,0,125.8905,330.9579,0.08710597
4,end,True,151.4783,-221.5241,28.61101,80,0,0,126.1072,338.646,0.6433773
4,end,True,144.5861,-226.3917,27.76069,80,0,0,126.3127,339.9289,0.3701976
4,end,True,129.0692,-228.0404,26.48699,80,0,0,126.5543,335.0363,0.8093851
4,end,True,114.7193,-230.2191,23.73534,80,0,0,126.763,331.6019,0.8583711
4,end,True,102.9192,-234.1428,19.23886,80,0,0,126.97,331.1317,0.8643333
4,end,True,91.35778,-237.9306,17.9453,80,0,0,127.1794,331.2825,0.6205438
4,end,True,85.96692,-241.9333,17.64891,80,0,0,127.389,333.6807,0.2270217
4,end,True,81.82967,-243.452,17.73174,80,0,0,127.5959,334.1133,0.1066666
4,end,True,80.07085,-243.3882,18.12038,80,0,0,127.8051,333.646,0.06854745
4,end,True,79.79561,-243.4258,18.03279,80,0,0,128.0125,333.6117,0.02754732
4,end,True,79.80685,-243.4667,18.05571,80,0,0,128.2236,333.6552,0.01176338
4,end,True,79.82943,-243.5223,18.05305,80,0,0,128.4299,333.7144,0.006382852
4,end,True,79.82526,-243.509,18.06663,80,0,0,128.6397,333.7013,0.004957492
4,end,True,79.83127,-243.5058,18.03951,80,0,0,128.8477,333.6981,0.005059795
4,end,True,79.82937,-243.4672,18.0347,80,0,0,129.0571,333.66,0.001953706
4,end,True,79.79152,-243.4706,18.03486,80,0,0,129.267,333.6543,0.001679166
4,end,True,79.83742,-243.5176,18.05636,80,0,0,129.4746,333.712,0.003092381
4,end,True,79.84376,-243.5049,18.05479,80,0,0,129.6848,333.701,0.002729068
4,end,True,79.82436,-243.4857,18.04575,80,0,0,129.8919,333.6773,0.001276818
4,end,True,79.83554,-243.4556,18.03526,80,0,0,130.102,333.6503,0.003039678
4,end,True,79.82939,-243.4634,18.04556,80,0,0,130.3104,333.657,0.002806093
4,end,True,79.82863,-243.4514,18.04063,80,0,0,130.5185,333.6448,0.002577943
4,end,True,79.82941,-243.4544,18.04314,80,0,0,130.728,333.6481,0.001477471
4,end,True,79.83582,-243.4688,18.04991,80,0,0,130.9363,333.6639,0.003567778
4,end,True,79.82677,-243.4709,18.0507,80,0,0,131.1457,333.6638,0.001390485
4,end,True,79.83225,-243.4849,18.03627,80,0,0,131.3548,333.678,0.002180591
4,end,True,79.83572,-243.4831,18.03682,80,0,0,131.5638,333.677,0.002839792
4,end,True,79.82776,-243.4768,18.04657,80,0,0,131.7714,333.6696,0.001547661
4,end,True,79.81024,-243.4718,18.03823,80,0,0,131.9823,333.6601,0.001174857
4,end,True,79.80928,-243.4668,18.04716,80,0,0,132.1894,333.6555,0.0007073056
4,end,True,79.80877,-243.4894,18.02725,80,0,0,132.4006,333.6762,0.002074496
4,end,True,79.81134,-243.4856,18.02937,80,0,0,132.6069,333.6732,0.0008660245
4,end,True,79.82792,-243.4665,18.04428,80,0,0,132.8172,333.6595,0.002808882
4,end,True,79.82684,-243.4607,18.03955,80,0,0,133.0244,333.6534,0.001641744
4,end,True,79.82807,-243.4443,18.046,80,0,0,133.2336,333.6381,0.001012022
4,end,True,79.83263,-243.465,18.03805,80,0,0,133.4421,333.6589,0.0009135055
4,end,True,79.82269,-243.4542,18.04247,80,0,0,133.6518,333.6462,0.002400433
4,end,True,79.82475,-243.4584,18.03861,80,0,0,133.8609,333.6506,0.001185164
4,end,True,79.80692,-243.4643,18.03614,80,0,0,134.0683,333.6519,0.001612042
4,end,True,79.8192,-243.4496,18.03913,80,0,0,134.2783,333.6408,0.003476955
4,end,True,79.82618,-243.4368,18.03725,80,0,0,134.4867,333.6299,0.001529919
4,end,True,79.82722,-243.4437,18.04072,80,0,0,134.6957,333.6371,0.001476231
4,end,True,79.81936,-243.4581,18.03307,80,0,0,134.9022,333.6487,0.004087238
4,end,True,79.81783,-243.452,18.01944,80,0,0,135.1125,333.6418,0.002511452
4,end,True,79.82288,-243.4527,18.02064,80,0,0,135.3226,333.6436,0.002065671
4,end,True,79.82657,-243.4338,18.04559,80,0,0,135.5312,333.6276,0.001539054
4,end,True,79.83382,-243.4328,18.0492,80,0,0,135.7407,333.6285,0.0013299
4,end,True,79.82059,-243.4251,18.04695,80,0,0,135.9488,333.6178,0.002155463
4,end,True,79.81561,-243.4353,18.04689,80,0,0,136.1582,333.6265,0.001649678
4,end,True,79.83515,-243.4466,18.04297,80,0,0,136.366,333.6418,0.001569574
4,end,True,79.83023,-243.4747,18.02674,80,0,0,136.5758,333.6671,0.001107856
4,end,True,79.82618,-243.4567,18.02014,80,0,0,136.7853,333.6483,0.002901946
4,end,True,79.82304,-243.428,18.03631,80,0,0,136.9926,333.6206,0.00127
4,end,True,79.83022,-243.4112,18.03765,80,0,0,137.2003,333.6061,0.0009930659
4,end,True,79.83454,-243.4352,18.03514,80,0,0,137.4093,333.6303,0.001275835
4,end,True,79.82854,-243.4405,18.03559,80,0,0,137.6189,333.634,0.001067184
4,end,True,79.84133,-243.4784,18.03168,80,0,0,137.8281,333.6736,0.005701176
4,end,True,79.8209,-243.4563,18.02851,80,0,0,138.0365,333.6471,0.002067842
4,end,True,79.81421,-243.424,18.03504,80,0,0,138.2454,333.6145,0.001150409
4,end,True,79.82468,-243.4285,18.03065,80,0,0,138.4547,333.6211,0.0009802778
4,end,True,79.82744,-243.4293,18.0334,80,0,0,138.663,333.6227,0.001047318
4,end,True,79.82201,-243.433,18.03417,80,0,0,138.8733,333.6251,0.001456355
4,end,True,79.82811,-243.4507,18.03648,80,0,0,139.0809,333.6438,0.001601335
4,end,True,79.8164,-243.4368,18.03337,80,0,0,139.2909,333.6273,0.00171435
4,end,True,79.81964,-243.4455,18.02437,80,0,0,139.4982,333.6361,0.003127251
4,end,True,79.82323,-243.4199,18.0252,80,0,0,139.7078,333.6122,0.00429349
4,end,True,79.82929,-243.4316,18.03458,80,0,0,139.9156,333.6255,0.003578959
4,end,True,79.83564,-243.4366,18.02305,80,0,0,140.1262,333.6313,0.00216934
4,end,True,79.82266,-243.4428,18.02982,80,0,0,140.3325,333.6345,0.002225738
4,end,True,79.82038,-243.429,18.02807,80,0,0,140.5446,333.6205,0.001689434
4,end,True,79.81997,-243.4161,18.0224,80,0,0,140.7511,333.6076,0.001705451
4,end,True,79.82936,-243.4068,18.02118,80,0,0,140.9612,333.6007,0.002199818
4,end,True,79.81107,-243.4435,18.04343,80,0,0,141.17,333.6331,0.003323144
4,end,True,74.2795,-246.4766,18.58868,80,0,0,1356.244,335.3355,0.2061186
4,end,True,73.98841,-246.5275,18.27981,80,0,0,1356.466,335.3038,0.03261235
4,end,True,73.83479,-246.5446,18.04697,80,0,0,1356.706,335.2739,0.01244705
4,end,True,73.96198,-246.5347,17.8846,80,0,0,1356.955,335.2837,0.01245635
4,end,True,73.89596,-246.5576,17.69984,80,0,0,1357.156,335.2816,0.01480949
4,end,True,153.5881,-218.2939,36.90648,80,0,0,1357.352,337.5361,0.01430591
4,end,True,153.6138,-218.8491,36.86962,80,0,0,1357.565,338.0345,0.0260707
4,end,True,151.849,-220.1837,36.58531,80,0,0,1357.789,338.3886,0.2007272
4,end,True,146.3863,-222.847,35.69741,80,0,0,1358.018,338.2596,0.2204006
4,end,True,144.1295,-224.7453,34.99626,80,0,0,1358.241,338.9214,0.02583805
4,end,True,146.1078,-223.7958,34.99241,80,0,0,1358.468,338.9157,0.2841662
4,end,True,149.3713,-221.4216,34.62739,80,0,0,1358.695,338.1802,0.1004353
4,end,True,139.4735,-234.4359,31.12091,80,0,0,1358.938,345.3857,0.9988782
4,end,True,125.4496,-236.0309,28.88351,80,0,0,1359.148,341.2439,0.7784349
4,end,True,110.7738,-235.1401,26.16296,80,0,0,1359.388,335.0651,0.5614727
4,end,True,100.156,-236.215,25.86935,80,0,0,1359.595,332.7046,0.5352936
4,end,True,89.54129,-240.9284,26.90818,80,0,0,1359.803,334.2704,0.4318492
4,end,True,86.42451,-245.2455,27.22092,80,0,0,1360.013,337.6312,0.09723058
4,end,True,83.21433,-247.5789,26.63182,80,0,0,1360.222,339.0307,0.1085964
4,end,True,81.22122,-247.8852,27.20047,80,0,0,1360.431,338.8885,0.1725997
4,end,True,80.50225,-248.1116,27.21245,80,0,0,1360.639,338.9371,0.06965265
4,end,True,80.15072,-247.856,27.73952,80,0,0,1360.849,338.649,0.0687601
4,end,True,80.09298,-247.855,27.77022,80,0,0,1361.058,338.6369,0.06508081
4,end,True,80.1345,-248.0125,27.67799,80,0,0,1361.268,338.7916,0.02283877
4,end,True,80.10548,-247.9904,27.68491,80,0,0,1361.475,338.764,0.007788521
4,end,True,80.03329,-247.9844,27.71337,80,0,0,1361.684,338.7434,0.004746235
4,end,True,80.01192,-247.9941,27.71078,80,0,0,1361.893,338.7476,0.001248421
4,end,True,80.01648,-248.0109,27.68977,80,0,0,1362.101,338.7632,0.001516228
4,end,True,80.01495,-248.0006,27.70319,80,0,0,1362.307,338.754,0.001228632
4,end,True,80.0162,-247.9957,27.70306,80,0,0,1362.516,338.7495,0.003652957
4,end,True,80.00929,-247.9982,27.71433,80,0,0,1362.727,338.7512,0.00287835
4,end,True,80.02832,-248.0066,27.67706,80,0,0,1362.936,338.7608,0.008662962
4,end,True,80.02907,-248.0002,27.71095,80,0,0,1363.145,338.7576,0.007357213
4,end,True,80.02682,-248.0075,27.67774,80,0,0,1363.355,338.7614,0.00558819
4,end,True,80.03446,-248.0058,27.69748,80,0,0,1363.563,338.7632,0.002298357
4,end,True,80.00588,-248.0174,27.68741,80,0,0,1363.772,338.7668,0.001143664
4,end,True,80.01612,-247.9982,27.69409,80,0,0,1363.979,338.7512,0.002135565
4,end,True,80.01312,-248.0088,27.70491,80,0,0,1364.19,338.7616,0.002327238
4,end,True,80.00629,-247.9981,27.70136,80,0,0,1364.397,338.7494,0.003449992
4,end,True,80.01877,-248.009,27.6983,80,0,0,1364.606,338.7626,0.001718456
4,end,True,80.01781,-248.0146,27.70423,80,0,0,1364.814,338.7683,0.003375323
4,end,True,80.00462,-248.0333,27.69099,80,0,0,1365.024,338.7822,0.003458484
4,end,True,80.01097,-248.0155,27.69919,80,0,0,1365.234,338.7672,0.001751924
4,end,True,80.00259,-248.0578,27.70015,80,0,0,1365.44,338.8062,0.005712132
4,end,True,80.00607,-248.0515,27.71492,80,0,0,1365.651,338.8022,0.001618288
4,end,True,79.99416,-248.0641,27.6787,80,0,0,1365.859,338.8085,0.005123904
4,end,True,79.98949,-248.0575,27.70204,80,0,0,1366.069,338.8029,0.006041648
4,end,True,79.99824,-248.0569,27.72109,80,0,0,1366.277,338.806,0.0008218965
4,end,True,79.99509,-248.0641,27.70944,80,0,0,1366.488,338.8113,0.004285639
4,end,True,79.99713,-248.0473,27.71952,80,0,0,1366.694,338.7964,0.002903569
4,end,True,79.99444,-248.0486,27.71674,80,0,0,1366.905,338.7967,0.002467465
4,end,True,80.00539,-248.0474,27.70545,80,0,0,1367.112,338.7972,0.003346691
4,end,True,80.0022,-248.0444,27.71047,80,0,0,1367.323,338.794,0.001283714
4,end,True,80.01038,-248.075,27.69607,80,0,0,1367.529,338.8243,0.002580325
4,end,True,79.9958,-248.0495,27.7205,80,0,0,1367.738,338.7982,0.001878774
4,end,True,79.98827,-248.0535,27.63967,80,0,0,1367.948,338.7937,0.01511015
4,end,True,79.99794,-248.05,27.73255,80,0,0,1368.157,338.8001,0.00455801
4,end,True,80.01237,-248.0393,27.75594,80,0,0,1368.367,338.7951,0.003963964
4,end,True,80.01618,-248.0259,27.74484,80,0,0,1368.573,338.7822,0.001496263
4,end,True,80.00939,-248.0022,27.74829,80,0,0,1368.783,338.7579,0.006063207
4,end,True,80.00842,-248.0213,27.70869,80,0,0,1368.992,338.7729,0.006031606
4,end,True,79.99274,-248.0028,27.77461,80,0,0,1369.201,338.7567,0.008141027
4,end,True,80.02604,-248.0681,27.7525,80,0,0,1369.409,338.826,0.007970493
4,end,True,80.01323,-248.0314,27.75722,80,0,0,1369.618,338.7878,0.002751377
4,end,True,80.00032,-248.0298,27.74323,80,0,0,1369.828,338.782,0.001830958
4,end,True,80.00349,-248.0248,27.7347,80,0,0,1370.037,338.7773,0.002908119
4,end,True,80.00933,-248.0269,27.73047,80,0,0,1370.245,338.7803,0.004100677
4,end,True,80.00836,-248.0356,27.72003,80,0,0,1370.454,338.7876,0.004040649
4,end,True,80.0082,-248.0365,27.73884,80,0,0,1370.662,338.7901,0.001652536
4,end,True,80.00087,-248.0467,27.73606,80,0,0,1370.871,338.798,0.001992675
4,end,True,79.99818,-248.0264,27.74962,80,0,0,1371.083,338.7788,0.001051169
4,end,True,79.99612,-248.0425,27.72912,80,0,0,1371.289,338.7922,0.001231403
4,end,True,79.99658,-248.0415,27.73724,80,0,0,1371.499,338.7921,0.00324912
4,end,True,79.99915,-248.0261,27.7415,80,0,0,1371.706,338.778,0.001861991
4,end,True,80.00435,-248.0193,27.73551,80,0,0,1371.917,338.7722,0.002295038
4,end,True,80.0017,-248.033,27.72766,80,0,0,1372.124,338.7842,0.000901411
4,end,True,79.99481,-248.0298,27.74498,80,0,0,1372.334,338.7809,0.0008422751
4,end,True,80.0115,-248.0235,27.74652,80,0,0,1372.542,338.7788,0.001642602
4,end,True,79.9913,-248.0414,27.73572,80,0,0,1372.751,338.7906,0.002566298
4,end,True,79.99406,-248.0367,27.74421,80,0,0,1372.959,338.7874,0.005760598
4,end,True,79.99419,-248.0325,27.72431,80,0,0,1373.169,338.7817,0.003299982
4,end,True,79.9977,-248.0315,27.74277,80,0,0,1373.377,338.783,0.001662851
4,end,True,80.00105,-248.0246,27.74148,80,0,0,1373.586,338.7771,0.003514068
4,end,True,79.99645,-248.0456,27.72639,80,0,0,1373.796,338.7951,0.00182871
4,end,True,79.99338,-248.0271,27.73335,80,0,0,1374.003,338.777,0.002428881
4,end,True,75.11198,-250.787,28.59157,80,0,0,1602.467,340.4106,0.1703832
4,end,True,77.14998,-249.81,29.18806,80,0,0,1602.688,339.9687,0.1405548
4,end,True,77.69386,-249.4125,28.26098,80,0,0,1602.898,339.6286,0.1274188
4,end,True,78.48701,-248.8914,26.05175,80,0,0,1603.131,339.1289,0.04845671
4,end,True,166.58,-206.3772,29.37601,80,0,0,1603.357,332.6014,0.1150721
4,end,True,166.6807,-207.2483,32.10623,80,0,0,1603.584,333.6537,0.1484072
4,end,True,166.7608,-207.0377,32.2649,80,0,0,1603.842,333.5278,0.06307117
4,end,True,166.5321,-206.3774,33.43465,80,0,0,1604.055,332.9607,0.1352849
4,end,True,166.3078,-202.6356,37.18206,80,0,0,1604.279,330.0359,0.1907956
4,end,True,166.3141,-199.6182,38.7406,80,0,0,1604.508,327.6393,0.1379981
4,end,True,166.5714,-201.0896,35.15715,80,0,0,1604.746,328.6235,0.1601448
4,end,True,167.9253,-202.8203,31.75151,80,0,0,1604.988,330.4457,0.361647
4,end,True,167.5534,-202.7867,29.387,80,0,0,1605.229,330.0092,0.09388824
4,end,True,166.9134,-200.9593,28.2288,80,0,0,1605.469,328.0168,0.0810081
4,end,True,167.0458,-199.9807,27.77736,80,0,0,1605.703,327.208,0.04507285
4,end,True,167.1005,-198.9742,27.54683,80,0,0,1605.96,326.3556,0.07915086
4,end,True,166.8537,-198.3403,27.83378,80,0,0,1606.196,325.7119,0.07727849
4,end,True,166.4658,-196.9544,28.81633,80,0,0,1606.419,324.4148,0.04248916
4,end,True,166.7097,-197.2562,28.94381,80,0,0,1606.642,324.809,0.0201779
4,end,True,167.1595,-196.8871,29.5423,80,0,0,1606.865,324.7791,0.05781729
4,end,True,165.8194,-196.4632,30.00607,80,0,0,1607.089,323.772,0.130426
4,end,True,166.1764,-195.3819,28.97226,80,0,0,1607.311,322.9384,0.1091624
4,end,True,166.1796,-194.6397,27.43736,80,0,0,1607.535,322.1729,0.09403188
4,end,True,164.3518,-197.3671,27.77981,80,0,0,1607.762,323.5981,0.2071407
4,end,True,163.4061,-198.2781,29.66615,80,0,0,1607.948,324.0684,0.1054673
4,end,True,162.5919,-203.0327,31.09061,80,0,0,1608.16,327.8876,0.3198148
4,end,True,159.8115,-211.6798,32.16695,80,0,0,1608.373,334.143,0.3661146
4,end,True,158.9957,-216.9003,33.31995,80,0,0,1608.587,338.437,0.1913629
4,end,True,160.0139,-217.6364,34.54001,80,0,0,1608.798,339.6835,0.1019847
4,end,True,162.8456,-213.9049,32.76829,80,0,0,1609.006,337.5982,0.4897199
4,end,True,164.4573,-203.5809,28.59077,80,0,0,1609.21,329.0619,0.5630159
4,end,True,165.3835,-197.6291,28.67706,80,0,0,1609.433,324.4257,0.1357654
4,end,True,166.0694,-199.9926,26.48371,80,0,0,1609.652,326.6133,0.2179865
4,end,True,164.5807,-203.0101,23.13004,80,0,0,1609.873,328.202,0.1972502
4,end,True,164.2927,-205.5073,22.74343,80,0,0,1610.095,330.1875,0.1179007
4,end,True,164.316,-206.4468,25.03861,80,0,0,1610.318,331.1774,0.1264385
4,end,True,164.3061,-205.9417,26.95557,80,0,0,1610.554,330.8863,0.09605817
4,end,True,164.1757,-204.877,27.71844,80,0,0,1610.763,329.965,0.06334721
4,end,True,164.0153,-203.667,27.72502,80,0,0,1610.972,328.8413,0.0620478
4,end,True,164.0512,-202.5551,27.7517,80,0,0,1611.181,327.9029,0.0577886
4,end,True,164.2805,-201.7122,28.06426,80,0,0,1611.389,327.3186,0.06016781
4,end,True,164.4718,-200.6171,29.81607,80,0,0,1611.598,326.6281,0.1183374
4,end,True,163.8092,-199.8056,32.19026,80,0,0,1611.807,325.8233,0.09785364
4,end,True,163.7944,-199.3414,30.43616,80,0,0,1612.016,325.2485,0.2511955
4,end,True,162.579,-202.3422,21.81684,80,0,0,1612.227,326.5349,0.5465441
4,end,True,160.1697,-218.7161,18.10056,80,0,0,1612.464,339.4308,0.7073562
4,end,True,157.8959,-228.0647,18.73546,80,0,0,1612.657,346.6785,0.437422
4,end,True,156.6107,-234.1553,18.11318,80,0,0,1612.873,351.4948,0.2308178
4,end,True,154.8467,-235.1351,15.21443,80,0,0,1613.082,351.4529,0.2584967
4,end,True,152.4322,-236.0788,11.0696,80,0,0,1613.293,351.0896,0.2153132
4,end,True,150.6147,-238.2905,11.38752,80,0,0,1613.499,352.3114,0.1699308
4,end,True,149.5066,-240.4732,13.41261,80,0,0,1613.709,353.8858,0.1432448
4,end,True,148.9449,-242.4213,15.32616,80,0,0,1613.917,355.4926,0.1293407
4,end,True,148.6957,-243.0216,16.87831,80,0,0,1614.127,356.0032,0.1257192
4,end,True,149.4754,-242.7375,17.63092,80,0,0,1614.334,356.1085,0.06867383
4,end,True,149.7066,-242.5028,17.7981,80,0,0,1614.545,356.0012,0.01181907
4,end,True,149.7946,-242.2735,17.66489,80,0,0,1614.753,355.8239,0.02828582
4,end,True,150.3062,-241.6577,17.58135,80,0,0,1614.962,355.4781,0.03148775
4,end,True,150.4549,-241.2053,17.45182,80,0,0,1615.17,355.1255,0.0382953
4,end,True,150.2837,-240.6143,17.241,80,0,0,1615.378,354.5081,0.04113578
4,end,True,150.4764,-240.325,17.00782,80,0,0,1615.588,354.317,0.01357605
4,end,True,150.7171,-240.3875,16.95049,80,0,0,1615.796,354.473,0.06101388
4,end,True,152.7978,-239.8871,17.48362,80,0,0,1616.005,354.9375,0.1218492
4,end,True,156.997,-238.1212,16.02728,80,0,0,1616.216,355.1141,0.289852
4,end,True,160.7634,-232.4855,15.49933,80,0,0,1616.421,351.756,0.3686305
4,end,True,163.3987,-225.3654,13.92893,80,0,0,1616.626,346.6138,0.4192058
4,end,True,164.7048,-216.8889,11.97632,80,0,0,1616.834,339.7265,0.4068171
4,end,True,165.2432,-208.9091,11.08891,80,0,0,1617.092,333.0116,0.199262
4,end,True,165.43,-208.3023,9.7128,80,0,0,1617.312,332.5352,0.1122187
4,end,True,166.0703,-211.9595,7.911226,80,0,0,1617.531,335.9796,0.1958386
4,end,True,165.8013,-213.905,8.025928,80,0,0,1617.753,337.5421,0.09981969
4,end,True,165.377,-215.3454,14.70326,80,0,0,1618.029,338.8136,0.303402
4,end,True,164.6159,-215.2327,19.88505,80,0,0,1618.239,338.6091,0.2582539
4,end,True,164.8482,-216.4803,22.4698,80,0,0,1618.447,339.9712,0.08372438
4,end,True,165.1918,-216.7531,22.27028,80,0,0,1618.656,340.3626,0.07443388
4,end,True,165.1631,-216.7326,20.50623,80,0,0,1618.865,340.2199,0.09417502
4,end,True,165.5366,-216.0954,18.6483,80,0,0,1619.073,339.739,0.09820642
4,end,True,165.2862,-215.4173,17.61461,80,0,0,1619.282,338.9708,0.04915746
4,end,True,165.4005,-215.5374,16.82625,80,0,0,1619.491,339.0912,0.02925666
4,end,True,165.1895,-215.8013,16.22494,80,0,0,1619.699,339.1891,0.03391254
4,end,True,165.2264,-216.1064,15.92571,80,0,0,1619.91,339.4589,0.0145348
4,end,True,165.2573,-216.2052,16.10211,80,0,1.521841,1620.117,338.8305,0.03035972
4,Above_Eyes,True,165.3083,-216.133,16.25649,80,0,10.85749,1620.327,334.3861,0.009660359
4,Above_Eyes,True,165.5635,-215.7047,16.27885,80,0,31.42447,1620.535,325.1146,0.03683636
4,Above_Eyes,True,166.2544,-215.2243,16.36466,80,0,59.09937,1620.744,314.4954,0.03148994
4,Above_Eyes,True,166.8779,-214.3489,16.21132,80,0,99.25694,1620.981,302.4512,0.05819567
4,Above_Eyes,True,167.1323,-213.4916,16.11891,80,0,132.5135,1621.205,295.9655,0.03806428
4,Above_Eyes,True,167.2427,-212.7043,16.21975,80,0,161.709,1621.428,293.2055,0.03355993
4,Above_Eyes,True,167.3198,-212.2323,16.528,80,0,182.0194,1621.651,293.0682,0.02014194
4,Above_Eyes,True,167.4383,-212.3087,16.65882,80,0,189.9952,1621.874,293.6507,0.02189568
4,Above_Eyes,True,167.6119,-212.7887,16.74103,80,0,190,1622.1,294.1202,0.02342493
4,Above_Eyes,True,167.6565,-213.0212,16.85293,80,0,190,1622.32,294.3547,0.006970779
4,Above_Eyes,True,167.6105,-212.7362,16.92435,80,0,190,1622.544,294.0786,0.01707193
4,Above_Eyes,True,167.5616,-212.1473,17.08833,80,0,190,1622.765,293.5056,0.02959222
4,Above_Eyes,True,167.5747,-211.688,17.20528,80,0,190,1622.988,293.0542,0.01971219
4,Above_Eyes,True,167.7436,-211.4806,17.57101,80,0,190,1623.21,292.8566,0.02621985
4,Above_Eyes,True,167.8231,-211.3838,17.70974,80,0,190,1623.435,292.7626,0.01053826
4,Above_Eyes,True,167.8012,-211.0616,17.68644,80,0,190,1623.696,292.4422,0.01540307
4,Above_Eyes,True,167.7587,-210.8907,17.75591,80,0,190,1623.906,292.2795,0.00959498
4,Above_Eyes,True,167.7945,-211.1139,17.33558,80,0,190,1624.113,292.4737,0.06163523
4,Above_Eyes,True,167.7035,-212.1734,14.48858,80,0,190,1624.322,293.3809,0.1053475
4,Above_Eyes,True,167.4033,-213.8669,12.82781,80,0,190,1624.549,295.0134,0.1037045
4,Above_Eyes,True,166.7455,-215.9033,12.01718,80,0,190,1624.775,297.0588,0.06508664
4,Above_Eyes,True,165.9318,-217.2508,11.98663,80,0,190,1625,298.4644,0.05909401
4,Above_Eyes,True,165.7787,-216.2435,12.23294,80,0,190,1625.226,297.4837,0.1472559
4,Above_Eyes,True,167.0335,-208.9775,15.45079,80,0,190,1625.444,290.3001,0.4514251
4,Above_Eyes,True,167.8192,-207.6134,19.23573,80,0,190,1625.678,289.108,0.05568033
4,Above_Eyes,True,168.037,-207.5094,17.96784,80,0,190,1625.881,288.9064,0.08453944
4,Above_Eyes,True,168.1052,-207.1134,16.80255,80,0,190,1626.09,288.4368,0.06540865
4,Above_Eyes,True,166.4696,-208.162,10.61869,80,0,190,1626.299,289.316,0.4424605
4,Above_Eyes,True,165.8494,-213.8704,2.477294,80,0,190,1626.527,294.8715,0.4145519
4,Above_Eyes,True,164.8811,-218.0116,-2.579457,80,0,190,1626.753,299.0794,0.2011271
4,Above_Eyes,True,165.3998,-218.5008,-4.184914,80,0,190,1626.98,299.542,0.06596158
4,Above_Eyes,True,165.6243,-216.7294,-4.258275,80,0,190,1627.191,297.7594,0.0842801
4,Above_Eyes,True,164.4167,-214.9331,-3.811693,80,0,190,1627.43,296.0652,0.1144622
4,Above_Eyes,True,161.3997,-217.3976,-0.4195869,80,0,190,1627.639,298.77,0.2240884
4,Above_Eyes,True,160.2494,-216.9305,4.365045,80,0,190,1627.854,298.4491,0.2598323
4,Above_Eyes,True,159.4845,-216.5722,10.18306,80,0,190,1628.065,298.3118,0.2805834
4,Above_Eyes,True,158.6195,-216.3001,14.53889,80,0,190,1628.273,298.3117,0.1446345
4,Above_Eyes,True,157.8867,-216.8483,16.49043,80,0,190,1628.481,299.0353,0.07824899
4,Above_Eyes,True,158.5492,-216.6252,16.89859,80,0,190,1628.689,298.7662,0.1060766
4,Above_Eyes,True,158.0116,-219.5459,16.39511,80,0,190,1628.898,301.6949,0.1935636
4,Above_Eyes,True,157.6187,-224.4581,17.88046,80,0,190,1629.108,306.6968,0.2117904
4,Above_Eyes,True,157.8285,-225.5448,20.72855,80,0,190,1629.318,307.9323,0.1410536
4,Above_Eyes,True,157.681,-222.2575,22.94633,80,0,190,1629.525,304.8453,0.2211847
4,Above_Eyes,True,157.5294,-217.2366,24.31776,80,0,190,1629.734,299.9921,0.2265482
4,Above_Eyes,True,157.9938,-215.527,26.37483,80,0,190,1629.94,298.4229,0.1237021
4,Above_Eyes,True,158.3894,-217.1025,28.24699,80,0,190,1630.151,300.1116,0.1106637
4,Above_Eyes,True,158.5152,-219.3298,28.45684,80,0,190,1630.359,302.3234,0.09008439
4,Above_Eyes,True,158.352,-220.5,27.73513,80,0,190,1630.569,303.4322,0.04442282
4,Above_Eyes,True,158.3878,-220.703,27.09657,80,0,190,1630.778,303.5718,0.03244541
4,Above_Eyes,True,158.6482,-220.4342,26.40676,80,0,190,1630.987,303.2177,0.03858925
4,Above_Eyes,True,160.4779,-219.1664,21.72809,80,0,190,1631.198,301.4037,0.4143375
4,Above_Eyes,True,162.2526,-215.2811,18.70492,80,0,190,1631.403,297.1712,0.1249296
4,Above_Eyes,True,162.1876,-215.0565,19.41668,80,0,190,1631.605,296.9998,0.08899932
4,Above_Eyes,True,160.8528,-217.3362,22.02433,80,0,190,1631.815,299.5721,0.3009501
4,Above_Eyes,True,160.9168,-217.7082,21.65276,80,0,190,1632.031,299.9081,0.1720972
4,Above_Eyes,True,163.0618,-214.2215,17.93135,80,0,190,1632.237,295.9958,0.3604382
4,Above_Eyes,True,165.5816,-202.7139,19.50154,80,0,190,1632.475,284.4358,0.486276
4,Above_Eyes,True,166.5773,-194.1489,23.66332,80,0,190,1632.706,276.1634,0.5862495
4,Above_Eyes,True,166.3865,-181.5842,26.19359,80,0,190,1632.912,263.9507,0.6688729
4,Above_Eyes,True,166.5693,-167.418,26.54179,80,0,190,1633.121,249.9383,0.7984776
4,Above_Eyes,True,164.0489,-147.4907,22.19766,80,0,190,1633.329,230.0396,1.050567
4,Above_Eyes,True,164.6322,-127.4957,12.05604,80,0,190,1633.539,209.388,1.261992
4,Above_Eyes,True,166.6721,-109.3651,8.219695,80,0,190,1633.735,190.9735,0.7591979
4,Above_Eyes,True,160.8763,-84.98512,8.33385,80,0,190,1633.958,167.7431,1.107735
4,Above_Eyes,True,163.2024,-61.68126,11.6011,80,0,190,1634.181,144.6592,0.9753112
4,Above_Eyes,True,162.3846,-39.99103,11.5157,80,0,190,1634.406,123.6652,1.095063
4,Above_Eyes,True,160.204,-12.67476,6.919372,80,0,190,1634.63,97.59248,1.375434
4,Above_Eyes,True,164.2483,12.02917,5.372798,80,0,190,1634.854,72.88383,1.069885
4,Above_Eyes,True,159.9272,38.86786,6.210387,80,0,190,1635.08,51.33026,1.241497
4,Above_Eyes,True,163.7933,66.61382,8.541739,80,0,190,1635.305,30.64216,1.128095
4,Above_Eyes,True,163.1213,92.74323,7.828677,80,0,190,1635.53,30.75939,1.295525
4,Above_Eyes,True,162.6704,122.8186,2.682006,80,0,190,1635.754,50.86779,1.539758
4,Above_Eyes,True,166.1058,149.4185,2.008283,80,0,190,1635.982,73.44315,1.173659
4,Above_Eyes,True,162.9482,173.3626,3.6219,80,0,190,1636.175,97.27022,1.197581
4,Above_Eyes,True,166.328,198.5786,5.903041,80,0,190,1636.384,121.0623,1.156643
4,Above_Eyes,True,165.5407,221.1174,4.511631,80,0,190,1636.597,143.2924,1.139346
4,Above_Eyes,True,164.1258,246.0286,-0.08846521,80,0,190,1636.807,168.0327,1.427824
4,Above_Eyes,True,166.5347,268.5231,-0.5818963,80,0,190,1637.017,189.9788,1.08061
4,Above_Eyes,True,163.2611,289.8863,2.090681,80,0,190,1637.229,211.593,0.8917931
4,Above_Eyes,True,164.9667,308.7771,6.10522,80,0,190,1637.439,230.2236,0.8210195
4,Above_Eyes,True,164.3859,324.1855,6.930339,80,0,190,1637.648,245.623,0.7128063
4,Above_Eyes,True,162.8847,337.6173,4.345071,80,0,190,1637.857,259.0768,0.57879
4,Above_Eyes,True,162.1856,347.8796,3.537023,80,0,190,1638.068,269.343,0.4571088
4,Above_Eyes,True,161.126,352.8903,3.791749,80,0,190,1638.275,274.4398,0.1592498
4,Above_Eyes,True,160.97,353.0405,5.163181,80,0,190,1638.485,274.628,0.1337882
4,Above_Eyes,True,162.0259,350.6735,7.302845,80,0,190,1638.692,272.2132,0.1877629
4,Above_Eyes,True,162.4554,348.0395,6.97273,80,0,190,1638.901,269.5413,0.1197107
4,Above_Eyes,True,162.8909,345.9566,5.985153,80,0,190,1639.11,267.4017,0.114936
4,Above_Eyes,True,163.8298,343.9794,4.672706,80,0,190,1639.32,265.3146,0.17429
4,Above_Eyes,True,164.8963,341.4625,2.822244,80,0,190,1639.545,262.68,0.06439778
4,Above_Eyes,True,165.1556,340.9767,2.372825,80,0,190,1639.77,262.1673,0.03855541
4,Above_Eyes,True,164.9272,342.0302,2.449262,80,0,190,1639.995,263.2384,0.0581863
4,Above_Eyes,True,164.4531,342.9988,3.107297,80,0,190,1640.215,264.2549,0.0732607
4,Above_Eyes,True,165.061,343.8645,4.83917,80,0,190,1640.436,265.0846,0.1420702
4,Above_Eyes,True,168.6613,339.6944,13.33712,80,0,190,1640.681,260.9107,0.3044813
4,Above_Eyes,True,168.5035,338.5408,15.2799,80,0,190,1640.884,259.8825,0.03251552
4,Above_Eyes,True,168.5057,338.7621,15.82464,80,0,190,1641.092,260.135,0.04948348
4,Above_Eyes,True,167.8975,338.6977,15.73304,80,0,190,1641.299,260.1164,0.02033203
4,Above_Eyes,True,167.5645,338.7553,15.12951,80,0,190,1641.509,260.1664,0.0489739
4,Above_Eyes,True,167.5745,339.6534,13.5065,80,0,190,1641.718,260.9697,0.1282929
4,Above_Eyes,True,166.7377,344.9724,6.276166,80,0,190,1641.931,266.0656,0.5068061
4,Above_Eyes,True,165.3871,344.9823,2.620733,80,0,190,1642.147,266.1358,0.1219074
4,Above_Eyes,True,165.1051,345.5824,2.761352,80,0,190,1642.356,266.761,0.1079182
4,Above_Eyes,True,166.8705,345.8602,9.213293,80,0,190,1642.564,267.0234,0.5069578
4,Above_Eyes,True,167.4406,332.6774,17.86078,80,0,190,1642.807,254.3104,0.7983587
4,Above_Eyes,True,167.4346,315.9647,11.26708,80,0,190,1643.066,237.3089,0.5647877
4,Above_Eyes,True,167.3972,312.1506,9.702623,80,0,190,1643.299,233.4501,0.1239591
4,Above_Eyes,True,168.2492,312.2753,11.54937,80,0,190,1643.549,233.5772,0.1489374
4,Above_Eyes,True,168.2692,321.2751,26.0084,80,0,190,1643.801,243.6439,0.9503775
4,Above_Eyes,True,167.3124,323.8596,26.40146,80,0,190,1643.995,246.3316,0.1383579
4,Above_Eyes,True,167.1853,321.6833,29.43848,80,0,190,1644.209,244.5362,0.172716
4,Above_Eyes,True,167.4516,322.4221,36.9263,80,0,190,1644.432,246.2528,0.4734621
4,Above_Eyes,True,167.5885,328.1542,46.47845,80,0,190,1644.643,253.4621,0.5686227
4,Above_Eyes,True,167.4628,334.5113,54.82453,80,0,190,1644.852,261.3228,0.4707591
4,Above_Eyes,True,167.6381,338.0701,61.73738,80,0,190,1645.063,266.2926,0.3653049
4,Above_Eyes,True,166.2058,336.9669,69.72517,80,0,190,1645.276,267.3196,0.4662652
4,Above_Eyes,True,166.2151,328.9232,77.4239,80,0,190,1645.489,261.7689,0.5615247
4,Above_Eyes,True,167.2892,324.6841,87.9702,80,0,190,1645.697,261.0074,0.540574
4,Above_Eyes,True,167.0043,329.7115,105.619,80,0,190,1645.934,272.1029,0.6874743
4,Above_Eyes,True,166.8717,335.6852,115.2468,80,0,190,1646.14,281.4101,0.4763008
4,Above_Eyes,True,168.1122,340.8058,123.6086,80,0,190,1646.35,289.4439,0.4474228
4,Above_Eyes,True,167.7426,344.2314,132.3879,80,0,190,1646.558,296.3784,0.4910928
4,Above_Eyes,True,167.9317,346.4558,140.5168,80,0,190,1646.769,302.0442,0.3060558
4,Above_Eyes,True,168.0302,346.7477,145.0617,80,0,190,1646.98,304.4337,0.1488764
4,Above_Eyes,True,169.5548,343.4139,144.4418,80,0,190,1647.187,301.1118,0.3713497
4,Above_Eyes,True,169.0369,337.4633,143.8583,80,0,190,1647.416,295.6722,0.1770611
4,Above_Eyes,True,169.0909,332.6885,144.0295,80,0,190,1647.62,291.6045,0.266801
4,Above_Eyes,True,169.1659,326.0486,141.794,80,0,190,1647.829,284.7446,0.3991516
4,Above_Eyes,True,169.1178,315.7441,136.4785,80,0,190,1648.038,273.199,0.7427726
4,Above_Eyes,True,167.7311,298.6533,131.1329,80,0,190,1648.268,255.9317,0.7120609
4,Above_Eyes,True,169.3453,286.8083,123.7369,80,0,190,1648.505,241.8824,0.6505501
4,Above_Eyes,True,168.8584,276.1458,112.4239,80,0,190,1648.715,227.0667,0.7993147
4,Above_Eyes,True,166.0981,264.884,96.58588,80,0,190,1648.923,209.9577,0.9461741
4,Above_Eyes,True,169.3231,252.8189,84.76237,80,0,190,1649.131,193.5939,0.793773
4,Above_Eyes,True,167.7587,235.1686,76.04989,80,0,190,1649.341,174.2285,1.04393
4,Above_Eyes,True,167.0078,215.3608,68.01733,80,0,190,1649.549,153.2238,1.219474
4,Above_Eyes,True,168.9085,200.0922,59.67334,80,0,190,1649.758,135.7494,0.7695996
4,Above_Eyes,True,166.5627,185.5647,49.23819,80,0,190,1649.967,118.8176,0.8892005
4,Above_Eyes,True,166.632,171.4436,34.75383,80,0,190,1650.177,100.5775,1.025589
4,Above_Eyes,True,166.8779,158.5749,23.69164,80,0,190,1650.385,85.26397,0.7845824
4,Above_Eyes,True,164.6338,143.0943,11.8919,80,0,190,1650.594,69.03445,0.9472982
4,Above_Eyes,True,163.6759,122.3805,0.5192161,80,0,190,1650.803,49.89321,1.191186
4,Above_Eyes,True,165.6765,103.908,-11.20897,80,0,190,1651.011,35.90082,1.024565
4,Above_Eyes,True,163.8032,87.12642,-23.56664,80,0,190,1651.207,35.9506,0.8936491
4,Above_Eyes,True,165.5396,68.12501,-41.77557,80,0,190,1651.444,49.84502,1.067585
4,Above_Eyes,True,166.6208,49.7369,-53.8812,80,0,190,1651.669,66.07286,1.048991
4,Above_Eyes,True,163.2468,25.53255,-65.33326,80,0,190,1651.893,89.16766,1.323825
4,Above_Eyes,True,166.3591,1.038289,-75.98773,80,0,190,1652.12,112.107,1.102299
4,Above_Eyes,True,164.741,-21.38505,-87.67255,80,0,190,1652.341,136.3943,1.217664
4,Above_Eyes,True,164.5583,-43.60044,-101.7006,80,0,190,1652.567,162.0721,1.084881
4,Above_Eyes,True,166.0995,-62.23445,-109.9597,80,0,190,1652.789,181.3643,0.9426229
4,Above_Eyes,True,163.3564,-84.28085,-115.9894,80,0,190,1653.013,202.8586,1.081192
4,Above_Eyes,True,165.1389,-106.0781,-121.519,80,0,190,1653.238,223.6291,0.9632828
4,Above_Eyes,True,164.0249,-124.3532,-128.4003,80,0,190,1653.462,242.7377,0.9500157
4,Above_Eyes,True,162.7327,-146.3431,-138.4158,80,0,190,1653.687,266.7089,1.201483
4,Above_Eyes,True,162.5598,-168.4673,-144.5239,80,0,190,1653.91,288.7493,0.9243902
4,Above_Eyes,True,158.3569,-186.8418,-144.6648,80,0,190,1654.12,305.1782,0.8812817
4,Above_Eyes,True,154.4427,-206.3279,-142.0448,80,0,190,1654.332,321.5971,0.8777171
4,Above_Eyes,True,150.462,-221.6763,-140.8784,80,0,190,1654.543,335.2887,0.6425937
4,Above_Eyes,True,146.5089,-233.0869,-141.0183,80,0,190,1654.753,346.1228,0.4665132
4,Above_Eyes,True,151.173,-234.6947,-140.9731,80,0,190,1654.962,347.0068,0.4001552
4,Above_Eyes,True,160.3743,-229.8004,-137.4071,80,0,190,1655.168,340.198,0.6274537
4,Above_Eyes,True,166.9812,-216.8601,-135.2404,80,0,190,1655.42,327.0256,0.5765253
4,Above_Eyes,True,168.2234,-207.5225,-137.4628,80,0,190,1655.637,319.436,0.3889514
4,Above_Eyes,True,169.8151,-198.2974,-137.7222,80,0,190,1655.858,311.166,0.464718
4,Above_Eyes,True,170.0685,-189.7446,-135.7519,80,0,190,1656.079,302.635,0.3601044
4,Above_Eyes,True,170.7719,-185.369,-130.4424,80,0,190,1656.357,296.3202,0.2377356
4,Above_Eyes,True,170.4023,-186.836,-125.5943,80,0,190,1656.566,295.5663,0.2266582
4,Above_Eyes,True,171.2443,-188.9551,-121.9588,80,0,190,1656.776,295.9098,0.1722263
4,Above_Eyes,True,171.1923,-190.8224,-120.1544,80,0,190,1656.984,296.8764,0.1029387
4,Above_Eyes,True,171.2913,-192.1476,-119.8866,80,0,190,1657.193,297.9717,0.07613104
4,Above_Eyes,True,171.0604,-193.2335,-120.7741,80,0,190,1657.401,299.3353,0.08034349
4,Above_Eyes,True,171.3813,-193.0672,-121.3127,80,0,190,1657.61,299.3813,0.03616417
4,Above_Eyes,True,171.363,-192.2278,-121.7528,80,0,190,1657.82,298.796,0.06852746
4,Above_Eyes,True,171.35,-191.3624,-121.9982,80,0,190,1658.027,298.1089,0.03210311
4,Above_Eyes,True,171.4579,-190.4216,-122.1277,80,0,190,1658.238,297.2992,0.0563628
4,Above_Eyes,True,171.2373,-189.9139,-122.1893,80,0,190,1658.448,296.8767,0.01398416
4,Above_Eyes,True,171.2984,-189.7477,-122.1978,80,0,190,1658.684,296.7252,0.005342436
4,Above_Eyes,True,171.3086,-189.7655,-121.999,80,0,190,1658.91,296.6589,0.01417371
4,Above_Eyes,True,171.3213,-189.5629,-121.8868,80,0,190,1659.132,296.4277,0.004625991
4,Above_Eyes,True,171.3291,-189.5798,-121.9964,80,0,190,1659.356,296.4878,0.01724049
4,Above_Eyes,True,171.3169,-189.7078,-122.2247,80,0,190,1659.577,296.6989,0.003787843
4,Above_Eyes,True,171.2223,-189.8832,-122.3236,80,0,190,1659.799,296.9051,0.01497459
4,Above_Eyes,True,171.2744,-189.8313,-122.5096,80,0,190,1660.022,296.9313,0.003434594
4,Above_Eyes,True,171.1283,-189.8781,-122.5394,80,0,190,1660.246,296.9953,0.002625651
4,Above_Eyes,True,171.085,-189.9203,-122.3936,80,0,183.3295,1660.468,296.6261,0.004307513
4,end,True,171.0831,-189.841,-122.4831,80,0,157.0382,1660.691,296.6708,0.01257457
4,end,True,170.7859,-189.7,-122.6221,80,0,121.956,1660.914,300.2643,0.02081121
4,end,True,170.5315,-189.503,-122.6961,80,0,82.69807,1661.135,308.8704,0.01464767
4,end,True,170.2563,-189.2458,-122.6953,80,0,45.25646,1661.357,321.2046,0.02976179
4,end,True,170.0451,-188.9399,-122.8746,80,0,16.07667,1661.581,333.3663,0.020266
4,end,True,169.9033,-188.6814,-123.2377,80,0,0.8720875,1661.805,340.5126,0.02368311
4,end,True,169.6707,-188.3955,-123.6309,80,0,0,1662.04,340.7476,0.02481263
4,end,True,169.38,-188.5407,-123.3963,80,0,0,1662.246,340.6323,0.06376422
4,end,True,168.7726,-190.4538,-122.7601,80,0,0,1662.455,341.6131,0.07568981
4,end,True,168.3531,-190.2088,-124.1947,80,0,0,1662.654,341.7307,0.05686488
4,end,True,167.7802,-189.9365,-124.6729,80,0,0,1662.876,341.4077,0.02450206
4,end,True,167.5791,-192.5984,-123.3342,80,0,0,1663.1,342.9344,0.1731204
4,end,True,167.8475,-196.5181,-120.1666,80,0,0,1663.323,345.0725,0.249742
4,end,True,166.6729,-198.8859,-118.2283,80,0,0,1663.546,345.7386,0.1218452
4,end,True,166.3498,-199.0004,-118.7954,80,0,0,1663.768,345.8697,0.03640257
4,end,True,166.8779,-197.6417,-119.0837,80,0,0,1663.991,345.1291,0.06979173
4,end,True,166.6812,-195.7746,-118.5078,80,0,0,1664.215,343.3341,0.08489852
4,end,True,166.6519,-194.8576,-118.2807,80,0,0,1664.436,342.5052,0.03070321
4,end,True,166.6116,-194.8632,-118.522,80,0,0,1664.659,342.5735,0.01649622
4,end,True,167.1682,-194.8734,-118.4157,80,0,0,1664.881,342.8161,0.1170882
4,end,True,167.148,-194.4368,-116.4242,80,0,0,1665.105,341.7727,0.1674425
4,end,True,166.6928,-192.4049,-113.9962,80,0,0,1665.33,339.0959,0.1530627
4,end,True,165.883,-190.4206,-112.1453,80,0,0,1665.553,336.4834,0.1528255
4,end,True,165.5078,-186.5085,-109.2082,80,0,0,1665.772,332.1838,0.2845372
4,end,True,165.1944,-183.7946,-101.3731,80,0,0,1665.993,327.3427,0.4771459
4,end,True,162.0922,-185.2789,-79.54936,80,0,0,1666.27,320.897,0.9312706
4,end,True,164.6221,-190.7525,-60.87094,80,0,0,1666.481,322.6649,0.8025097
4,end,True,163.3445,-193.3348,-37.15725,80,0,0,1666.744,320.5839,0.9543594
4,end,True,160.4101,-190.831,-16.20592,80,0,0,1666.94,315.188,0.846839
4,end,True,165.1318,-192.3046,5.605933,80,0,0,1667.178,318.5117,0.720498
4,end,True,162.7342,-197.1859,22.11804,80,0,0,1667.414,322.1857,0.7288347
4,end,True,164.0491,-208.0952,37.02762,80,0,0,1667.641,333.5896,0.7406059
4,end,True,165.7658,-215.4535,45.66494,80,0,0,1667.869,341.8426,0.4757752
4,end,True,163.6698,-219.3849,50.67085,80,0,0,1668.087,344.9444,0.2725738
4,end,True,163.8635,-219.371,57.11029,80,0,0,1668.297,346.0287,0.3561095
4,end,True,164.9916,-214.9549,60.81007,80,0,0,1668.504,343.3926,0.4061035
4,end,True,167.0858,-206.7634,61.42506,80,0,0,1668.709,337.5262,0.4526154
4,end,True,167.1655,-199.6531,60.87025,80,0,0,1668.917,331.4443,0.2364154
4,end,True,168.7671,-199.1153,60.24176,80,0,0,1669.176,331.6878,0.1288606
4,end,True,170.2903,-201.5287,60.3854,80,0,0,1669.396,334.52,0.1303615
4,end,True,169.5817,-206.0229,60.41957,80,0,0,1669.617,337.961,0.1774306
4,end,True,169.7788,-207.2204,64.88498,80,0,0,1669.836,339.8977,0.2968989
4,end,True,169.7097,-204.1178,73.4601,80,0,0,1670.059,338.9995,0.4592681
4,end,True,168.3889,-199.894,80.86813,80,0,0,1670.297,336.5043,0.372521
4,end,True,168.6354,-197.8895,82.97684,80,0,0,1670.544,335.4783,0.07517522
4,end,True,168.5085,-197.5076,79.59236,80,0,0,1670.753,334.2761,0.2447751
4,end,True,168.7285,-199.5352,71.92221,80,0,0,1670.961,334.3382,0.4372881
4,end,True,168.7054,-201.9729,63.83791,80,0,0,1671.17,334.732,0.3780959
4,end,True,169.7297,-200.4807,59.047,80,0,0,1671.379,333.1128,0.2251851
4,end,True,170.2223,-197.9711,58.62107,80,0,0,1671.588,331.1797,0.291738
4,end,True,168.7095,-195.1018,58.65328,80,0,0,1671.799,328.0002,0.133028
4,end,True,169.3625,-194.1156,57.30072,80,0,0,1671.993,327.2711,0.0884982
4,end,True,169.5711,-193.1527,53.40541,80,0,0,1672.214,325.9124,0.1908225
4,end,True,170.4242,-193.4464,49.6016,80,0,0,1672.438,326.0025,0.1590601
4,end,True,169.8704,-193.5568,47.22078,80,0,0,1672.662,325.4521,0.08120645
4,end,True,169.7443,-193.8672,46.19017,80,0,9.392162,1672.885,320.7017,0.0391565
4,Eye_Level,True,169.8815,-194.0715,45.6432,80,0,38.47916,1673.108,307.3517,0.03302647
4,Eye_Level,True,170.3643,-194.3834,45.49723,80,0,74.62543,1673.331,294.1465,0.03129419
4,Eye_Level,True,170.82,-194.458,45.98702,80,0,111.1402,1673.555,284.6115,0.04360342
4,Eye_Level,True,171.2306,-193.8737,47.25898,80,0,138.8667,1673.779,279.7993,0.07555945
4,Eye_Level,True,171.4026,-192.4189,49.03287,80,0,150,1674,277.6226,0.1183172
4,Eye_Level,True,171.1652,-189.7744,51.41446,80,0,150,1674.224,275.4445,0.1810776
4,Eye_Level,True,170.7898,-186.5907,50.61703,80,0,150,1674.447,272.1487,0.1799641
4,Eye_Level,True,171.0464,-184.4461,44.55731,80,0,150,1674.668,268.9982,0.3545979
4,Eye_Level,True,170.5043,-183.1485,34.35353,80,0,150,1674.892,266.1724,0.5452536
4,Eye_Level,True,169.4728,-184.0626,23.36213,80,0,150,1675.119,265.8083,0.4210316
4,Eye_Level,True,167.9881,-183.2931,20.9264,80,0,150,1675.333,264.7353,0.05957017
4,Eye_Level,True,165.6322,-182.6277,24.24958,80,0,150,1675.55,264.2077,0.2488666
4,Eye_Level,True,165.0728,-183.2814,31.05297,80,0,150,1675.761,265.5345,0.3500126
4,Eye_Level,True,165.492,-185.7585,38.46551,80,0,150,1675.969,268.9743,0.3937471
4,Eye_Level,True,164.5971,-189.5505,44.45278,80,0,150,1676.178,273.5811,0.2921257
4,Eye_Level,True,164.6539,-192.8348,47.06238,80,0,150,1676.389,277.2516,0.1552997
4,Eye_Level,True,164.3221,-193.6315,47.29304,80,0,150,1676.593,278.0574,0.05287851
4,Eye_Level,True,164.3914,-194.0488,45.994,80,0,150,1676.8,278.254,0.07247967
4,Eye_Level,True,164.508,-193.7188,44.83607,80,0,150,1677.01,277.7458,0.05484235
4,Eye_Level,True,164.5796,-193.3143,44.3941,80,0,150,1677.22,277.2798,0.0212962
4,Eye_Level,True,165.2165,-192.8582,43.21373,80,0,150,1677.428,276.6777,0.1768322
4,Eye_Level,True,166.502,-190.8708,38.88972,80,0,150,1677.637,274.1454,0.1494384
4,Eye_Level,True,166.6091,-190.503,38.15931,80,0,150,1677.846,273.6857,0.03906282
4,Eye_Level,True,166.7742,-191.5298,37.99749,80,0,150,1678.056,274.6882,0.1445072
4,Eye_Level,True,167.3678,-187.0467,32.97971,80,0,150,1678.264,269.6354,0.4546887
4,Eye_Level,True,168.8786,-176.0282,25.79868,80,0,150,1678.469,258.0163,0.7140961
4,Eye_Level,True,169.8874,-166.4768,23.13666,80,0,150,1678.684,248.3579,0.3616987
4,Eye_Level,True,169.7422,-164.1512,18.96258,80,0,150,1678.902,245.681,0.2179506
4,Eye_Level,True,170.495,-160.5501,11.74323,80,0,150,1679.176,241.7071,0.313605
4,Eye_Level,True,170.4269,-151.2209,13.92406,80,0,150,1679.385,232.5387,0.5853803
4,Eye_Level,True,169.4116,-135.9465,20.21279,80,0,150,1679.594,217.7573,0.8179958
4,Eye_Level,True,170.9738,-120.5602,24.58464,80,0,150,1679.804,203.147,0.7777439
4,Eye_Level,True,167.9049,-102.4631,25.86615,80,0,150,1680.011,185.1551,0.9457447
4,Eye_Level,True,171.3019,-80.32841,28.16656,80,0,150,1680.251,164.1716,0.9857755
4,Eye_Level,True,169.3014,-58.67168,36.65557,80,0,150,1680.475,144.7274,1.131283
4,Eye_Level,True,168.4598,-35.25771,50.58999,80,0,150,1680.702,127.2181,1.302542
4,Eye_Level,True,171.0644,-13.98935,60.09692,80,0,150,1680.927,113.5313,1.041697
4,Eye_Level,True,167.2571,13.06129,66.54945,80,0,150,1681.15,95.95535,1.374335
4,Eye_Level,True,170.4387,43.15472,70.31547,80,0,150,1681.375,81.97304,1.22104
4,Eye_Level,True,168.9626,70.54291,73.55984,80,0,150,1681.6,76.55108,1.330349
4,Eye_Level,True,168.2724,101.603,77.54792,80,0,150,1681.824,82.54845,1.439494
4,Eye_Level,True,171.5348,126.5892,74.33427,80,0,150,1682.034,90.3321,0.8633418
4,Eye_Level,True,167.2008,154.1537,66.72462,80,0,150,1682.258,101.2266,1.338871
4,Eye_Level,True,173.3905,178.3152,60.06915,80,0,150,1682.47,117.564,1.08921
4,Eye_Level,True,171.2577,202.3783,54.37118,80,0,150,1682.678,135.5896,1.260084
4,Eye_Level,True,170.6653,228.1726,50.67023,80,0,150,1682.891,157.9545,1.209464
4,Eye_Level,True,172.3383,249.13,44.05907,80,0,150,1683.101,176.1964,1.007191
4,Eye_Level,True,168.6374,267.5511,33.91021,80,0,150,1683.315,191.5011,1.000984
4,Eye_Level,True,171.2746,285.4292,24.75246,80,0,150,1683.524,208.0059,1.012321
4,Eye_Level,True,170.1213,302.9227,18.09591,80,0,150,1683.747,224.5592,0.7797614
4,Eye_Level,True,170.6176,319.9507,15.38543,80,0,150,1683.955,241.3258,0.8501005
4,Eye_Level,True,171.0138,333.4859,11.70338,80,0,150,1684.166,254.6245,0.5730032
4,Eye_Level,True,170.3289,341.9146,6.772411,80,0,150,1684.374,262.7896,0.3966435
4,Eye_Level,True,170.9802,343.0606,2.227724,80,0,150,1684.569,263.9053,0.3049113
4,Eye_Level,True,172.7345,344.1475,-0.942862,80,0,150,1684.795,265.1257,0.1458955
4,Eye_Level,True,172.7811,341.799,5.497682,80,0,150,1685.04,262.8459,0.4997109
4,Eye_Level,True,172.7928,334.0798,17.63381,80,0,150,1685.245,255.7089,0.6823238
4,Eye_Level,True,172.7012,325.5982,31.19191,80,0,150,1685.451,248.6096,0.8365464
4,Eye_Level,True,172.0432,319.0383,42.15692,80,0,150,1685.658,243.7261,0.5572554
4,Eye_Level,True,171.3744,317.1111,53.99736,80,0,150,1685.867,244.1194,0.5850613
4,Eye_Level,True,169.6513,321.1768,67.16956,80,0,150,1686.077,251.1259,0.7187869
4,Eye_Level,True,171.0925,328.0404,80.20152,80,0,150,1686.286,261.5363,0.6252147
4,Eye_Level,True,172.2305,331.2848,93.23367,80,0,150,1686.496,268.9438,0.6505921
4,Eye_Level,True,170.3756,331.5793,106.7376,80,0,150,1686.707,274.0443,0.6675165
4,Eye_Level,True,172.9793,332.4633,120.9437,80,0,150,1686.917,280.8793,0.612624
4,Eye_Level,True,173.3258,336.2899,129.9048,80,0,150,1687.127,288.2774,0.4178394
4,Eye_Level,True,174.306,341.7321,135.3577,80,0,150,1687.336,295.6623,0.3076911
4,Eye_Level,True,173.6108,344.9736,137.5098,80,0,150,1687.545,299.4619,0.1149739
4,Eye_Level,True,173.7302,345.22,138.3438,80,0,150,1687.754,300.073,0.08233486
4,Eye_Level,True,172.6153,342.2455,140.618,80,0,150,1687.961,298.4251,0.4053752
4,Eye_Level,True,170.0734,329.2127,139.3987,80,0,150,1688.169,286.255,0.6687137
4,Eye_Level,True,169.4278,317.6621,131.9779,80,0,150,1688.397,272.5415,0.5781905
4,Eye_Level,True,170.2565,306.4104,127.9943,80,0,150,1688.63,260.8727,0.5273628
4,Eye_Level,True,169.1431,288.9666,128.5072,80,0,150,1688.88,246.0642,0.8040307
4,Eye_Level,True,165.738,262.9046,132.4186,80,0,150,1689.13,226.3548,1.18793
4,Eye_Level,True,171.3774,236.8946,136.3844,80,0,150,1689.38,208.9823,0.9994369
4,Eye_Level,True,169.5056,209.1069,135.0855,80,0,150,1689.632,187.8754,1.251506
4,Eye_Level,True,169.1703,182.6616,130.3731,80,0,150,1689.854,167.045,1.119164
4,Eye_Level,True,170.5309,160.5238,129.0779,80,0,150,1690.064,153.5145,1.122248
4,Eye_Level,True,166.5565,133.5314,129.1035,80,0,150,1690.271,140.7389,1.372307
4,Eye_Level,True,171.1823,106.4117,128.2454,80,0,150,1690.482,132.6392,1.193911
4,Eye_Level,True,168.8267,80.39148,123.1764,80,0,150,1690.689,124.6075,1.353047
4,Eye_Level,True,168.8724,52.03411,113.4468,80,0,150,1690.898,118.3572,1.528872
4,Eye_Level,True,170.6715,28.44455,106.1744,80,0,150,1691.108,119.826,1.186141
4,Eye_Level,True,165.1822,-0.4215717,97.49274,80,0,150,1691.332,127.2909,1.419617
4,Eye_Level,True,168.9728,-29.57158,87.77609,80,0,150,1691.557,141.6705,1.324674
4,Eye_Level,True,167.788,-54.39026,74.43964,80,0,150,1691.781,154.6558,1.316387
4,Eye_Level,True,166.5706,-78.56873,55.96179,80,0,150,1692.008,168.9685,1.384576
4,Eye_Level,True,167.7489,-98.19891,42.73794,80,0,150,1692.233,184.1098,0.9212431
4,Eye_Level,True,163.9758,-120.2061,26.30564,80,0,150,1692.456,202.41,1.272399
4,Eye_Level,True,167.2916,-141.264,10.19468,80,0,150,1692.679,222.1726,1.120984
4,Eye_Level,True,164.79,-159.5559,-8.210439,80,0,150,1692.904,240.1524,1.214881
4,Eye_Level,True,163.4925,-173.7377,-27.3466,80,0,150,1693.115,255.5635,0.7032903
4,Eye_Level,True,163.6788,-187.8652,-41.89559,80,0,150,1693.339,271.4666,0.9282165
4,Eye_Level,True,159.8792,-204.1639,-54.71829,80,0,150,1693.563,289.5528,0.9837155
4,Eye_Level,True,158.781,-217.461,-69.13647,80,0,150,1693.774,305.516,0.8023959
4,Eye_Level,True,155.2834,-227.4101,-81.43217,80,0,150,1693.984,318.0568,0.7491667
4,Eye_Level,True,151.2749,-238.2897,-92.87144,80,0,150,1694.195,331.5646,0.6628361
4,Eye_Level,True,145.6501,-245.5237,-98.90591,80,0,150,1694.405,340.2455,0.4289127
4,Eye_Level,True,141.8295,-249.3404,-101.8688,80,0,150,1694.617,344.832,0.05786774
4,Eye_Level,True,146.2578,-248.4401,-100.0899,80,0,150,1694.823,343.3728,0.3737412
4,Eye_Level,True,154.9442,-243.389,-91.4356,80,0,150,1695.035,336.1032,0.7832593
4,Eye_Level,True,162.7487,-231.2972,-78.90138,80,0,150,1695.248,321.3937,1.088161
4,Eye_Level,True,167.0867,-216.1769,-70.35103,80,0,150,1695.46,304.8967,0.896382
4,Eye_Level,True,169.3859,-201.3102,-61.12719,80,0,150,1695.686,288.5269,0.8298057
4,Eye_Level,True,170.9824,-188.6036,-56.06744,80,0,150,1695.905,275.1939,0.442623
4,Eye_Level,True,170.9165,-184.3939,-49.6212,80,0,150,1696.163,269.822,0.314291
4,Eye_Level,True,171.1161,-187.4298,-43.03159,80,0,150,1696.37,271.6916,0.3689309
4,Eye_Level,True,172.1783,-191.795,-35.35118,80,0,150,1696.579,274.9802,0.4455298
4,Eye_Level,True,171.4055,-191.4729,-27.20013,80,0,150,1696.787,273.6706,0.4193423
4,Eye_Level,True,168.9175,-185.0693,-18.80663,80,0,150,1696.996,266.4081,0.5525857
4,Eye_Level,True,171.084,-175.3343,-11.10073,80,0,150,1697.207,256.4436,0.5491807
4,Eye_Level,True,171.9814,-168.5326,-2.416229,80,0,150,1697.446,249.5145,0.4634487
4,Eye_Level,True,171.0726,-166.418,8.310944,80,0,150,1697.67,247.457,0.5306148
4,Eye_Level,True,171.5481,-169.658,21.68204,80,0,138.5931,1697.893,252.7554,0.6443022
4,end,True,171.2473,-169.7869,31.53444,80,0,106.687,1698.116,259.9153,0.3701527
4,end,True,170.0784,-166.3302,36.77993,80,0,68.00081,1698.337,269.1675,0.2899305
4,end,True,168.3843,-159.9426,37.23922,80,0,31.61361,1698.559,278.6852,0.2964214
4,end,True,167.776,-152.393,37.09377,80,0,5.874062,1698.782,285.6478,0.3538788
4,end,True,168.2029,-147.9321,38.53596,80,0,0,1699.006,285.8851,0.2234505
4,end,True,167.3176,-147.0339,43.67937,80,0,0,1699.228,285.39,0.3229549
4,end,True,167.4873,-147.007,52.62624,80,0,0,1699.452,286.9733,0.4436796
4,end,True,167.033,-147.7999,60.55293,80,0,0,1699.677,288.8935,0.2915975
4,end,True,167.2698,-148.8287,63.46289,80,0,0,1699.898,290.4639,0.08646103
4,end,True,167.7475,-149.8989,63.79294,80,0,0,1700.12,291.6544,0.0589035
4,end,True,167.7243,-150.5398,63.97766,80,0,0,1700.344,292.1869,0.01552321
4,end,True,167.7619,-149.7723,64.14517,80,0,0,1700.567,291.6401,0.0837126
4,end,True,167.6872,-148.6991,64.46529,80,0,0,1700.791,290.8231,0.05401828
4,end,True,167.4113,-147.4234,64.73795,80,0,0,1701.012,289.7223,0.06154029
4,end,True,166.8028,-144.608,64.57172,80,0,0,1701.271,287.1261,0.1225424
4,end,True,165.8552,-143.9261,63.7423,80,0,0,1701.494,285.8565,0.09427442
4,end,True,166.5719,-149.1792,63.52965,80,0,0,1701.717,290.3538,0.3013025
4,end,True,166.9784,-155.5998,61.82265,80,0,0,1701.94,295.3152,0.345846
4,end,True,167.1035,-165.9088,58.64038,80,0,0,1702.177,303.0403,0.497229
4,end,True,166.81,-174.9374,53.6389,80,0,0,1702.426,309.3474,0.3301698
4,end,True,168.0814,-179.0541,52.92419,80,0,0,1702.634,313.3071,0.1705192
4,end,True,168.0028,-180.0137,52.05692,80,0,0,1702.844,313.9139,0.07144014
4,end,True,168.1575,-180.7726,51.28789,80,0,0,1703.052,314.4992,0.06462788
4,end,True,168.3781,-181.8766,50.97815,80,0,0,1703.261,315.4827,0.09392025
4,end,True,168.1664,-183.1618,50.43584,80,0,0,1703.47,316.3509,0.08262366
4,end,True,168.103,-184.1694,50.56546,80,0,0,1703.68,317.1765,0.03664327
4,end,True,167.6591,-184.8871,50.50115,80,0,0,1703.888,317.5297,0.06684107
4,end,True,167.8489,-185.3952,50.1198,80,0,0,1704.099,317.9935,0.04764671
4,end,True,167.7842,-185.0665,49.59528,80,0,0,1704.32,317.6027,0.03505731
4,end,True,167.7962,-184.4771,49.04914,80,0,0,1704.545,317.0323,0.04122966
4,end,True,167.6011,-184.2401,48.71857,80,0,0,1704.768,316.6804,0.01905338
4,end,True,167.454,-184.4622,48.72879,80,0,0.08367924,1704.992,316.7453,0.02638814
4,Below_Eyes,True,167.516,-184.7979,48.62709,80,0,18.78846,1705.213,307.5751,0.01673304
4,Below_Eyes,True,167.7448,-184.9738,48.36106,80,0,53.03174,1705.437,292.761,0.03304219
4,Below_Eyes,True,168.3899,-185.1305,48.04484,80,0,87.51511,1705.658,281.324,0.05297802
4,Below_Eyes,True,170.3701,-185.494,47.40511,80,0,108.5996,1705.884,276.6765,0.1255876
4,Below_Eyes,True,170.9675,-183.6412,43.81325,80,0,110,1706.107,274.1228,0.2604881
4,Below_Eyes,True,170.7227,-178.3044,43.02378,80,0,110,1706.334,268.8112,0.425034
4,Below_Eyes,True,171.1392,-171.1608,45.96064,80,0,110,1706.556,262.5492,0.3084379
4,Below_Eyes,True,170.8322,-170.2742,42.60813,80,0,110,1706.778,261.0616,0.475864
4,Below_Eyes,True,166.7461,-180.4545,38.87518,80,0,110,1707.005,269.3844,0.3783238
4,Below_Eyes,True,165.1624,-188.8719,40.55561,80,0,110,1707.222,277.4522,0.394261
4,Below_Eyes,True,164.3237,-199.203,43.02467,80,0,110,1707.434,287.6743,0.4788504
4,Below_Eyes,True,163.0179,-207.0851,43.56278,80,0,110,1707.643,295.1719,0.2959425
4,Below_Eyes,True,162.1518,-212.2887,41.43852,80,0,110,1707.851,299.7826,0.2463029
4,Below_Eyes,True,162.2132,-211.836,37.43278,80,0,110,1708.061,298.8238,0.2528116
4,Below_Eyes,True,162.1692,-210.6755,32.8425,80,0,110,1708.269,297.1405,0.2129677
4,Below_Eyes,True,161.9842,-210.3587,29.83222,80,0,110,1708.477,296.4802,0.1099985
4,Below_Eyes,True,162.028,-211.3619,29.14103,80,0,110,1708.686,297.4019,0.07305615
4,Below_Eyes,True,164.0831,-211.7565,26.20111,80,0,110,1708.895,297.8814,0.2236965
4,Below_Eyes,True,165.8226,-210.7505,23.78949,80,0,110,1709.104,297.0151,0.07118016
4,Below_Eyes,True,166.1777,-210.6475,23.48817,80,0,110,1709.313,296.9573,0.04332302
4,Below_Eyes,True,167.4608,-209.3367,20.50547,80,0,110,1709.522,295.699,0.2922764
4,Below_Eyes,True,168.9918,-197.4273,20.19001,80,0,110,1709.757,284.3477,0.6197583
4,Below_Eyes,True,170.667,-188.077,21.64051,80,0,110,1709.976,275.7065,0.404654
4,Below_Eyes,True,171.494,-180.64,19.5969,80,0,110,1710.237,268.5121,0.3309191
4,Below_Eyes,True,170.3958,-176.5988,13.8551,80,0,110,1710.445,263.9745,0.3075869
4,Below_Eyes,True,171.4161,-169.1978,14.29527,80,0,110,1710.654,257.0522,0.4857944
4,Below_Eyes,True,170.1428,-157.4436,22.68623,80,0,110,1710.863,245.9904,0.8849562
4,Below_Eyes,True,170.4107,-143.0942,36.64849,80,0,110,1711.059,234.0162,0.7875863
4,Below_Eyes,True,170.1083,-119.8982,51.19256,80,0,110,1711.337,214.9255,1.19696
4,Below_Eyes,True,166.7198,-92.98259,61.1119,80,0,110,1711.562,192.0281,1.388632
4,Below_Eyes,True,173.1229,-69.35391,71.20899,80,0,110,1711.787,177.0927,1.087243
4,Below_Eyes,True,169.4418,-44.27288,81.93391,80,0,110,1712.012,160.2817,1.35462
4,Below_Eyes,True,171.0629,-17.09995,93.02616,80,0,110,1712.24,147.6853,1.135755
4,Below_Eyes,True,171.8915,8.872604,96.35652,80,0,110,1712.463,134.8119,1.222422
4,Below_Eyes,True,170.6937,39.39257,93.80864,80,0,110,1712.687,118.8812,1.47741
4,Below_Eyes,True,173.7002,65.12814,93.09179,80,0,110,1712.91,113.776,1.155598
4,Below_Eyes,True,168.6168,93.19646,94.98039,80,0,110,1713.133,112.3893,1.42459
4,Below_Eyes,True,171.519,118.2967,95.74515,80,0,110,1713.331,120.0765,0.9106395
4,Below_Eyes,True,171.8831,142.3129,89.61631,80,0,110,1713.542,125.4731,1.212541
4,Below_Eyes,True,170.1467,167.7066,77.14325,80,0,110,1713.753,131.3817,1.499265
4,Below_Eyes,True,174.1228,190.1342,67.26154,80,0,110,1713.963,144.102,1.083172
4,Below_Eyes,True,171.2523,214.135,60.18971,80,0,110,1714.174,159.2697,1.325805
4,Below_Eyes,True,171.9453,238.4158,54.6018,80,0,110,1714.386,178.6453,1.016893
4,Below_Eyes,True,172.775,257.9014,46.59933,80,0,110,1714.598,194.3221,1.029381
4,Below_Eyes,True,170.0167,277.3004,36.07877,80,0,110,1714.809,209.3589,1.031715
4,Below_Eyes,True,173.3493,293.5533,28.78012,80,0,110,1715.004,224.6028,0.8632466
4,Below_Eyes,True,171.793,309.777,24.70421,80,0,110,1715.23,239.2198,0.7218361
4,Below_Eyes,True,173.2467,324.1858,21.71863,80,0,110,1715.452,253.1769,0.5706825
4,Below_Eyes,True,173.4872,337.3454,16.55453,80,0,110,1715.674,265.5774,0.6659386
4,Below_Eyes,True,173.4695,349.5907,10.71557,80,0,110,1715.908,277.1684,0.6885132
4,Below_Eyes,True,173.5459,355.2945,9.534157,80,0,110,1716.145,282.6942,0.1908876
4,Below_Eyes,True,172.5488,353.8721,20.22928,80,0,110,1716.352,281.6514,0.7794731
4,Below_Eyes,True,171.7612,347.6686,32.78722,80,0,110,1716.554,276.6513,0.679179
4,Below_Eyes,True,170.6905,340.6628,47.72738,80,0,110,1716.76,271.8572,0.9814277
4,Below_Eyes,True,170.7409,336.1252,63.48189,80,0,110,1716.971,270.7758,0.7281187
4,Below_Eyes,True,168.9982,337.448,79.27865,80,0,110,1717.179,275.7632,0.8198031
4,Below_Eyes,True,168.3073,344.1774,94.55751,80,0,110,1717.389,286.5843,0.8562083
4,Below_Eyes,True,168.8349,348.3839,108.6068,80,0,110,1717.598,295.4436,0.6929164
4,Below_Eyes,True,166.2571,352.1956,123.7255,80,0,110,1717.81,304.2422,0.7879733
4,Below_Eyes,True,166.551,358.9109,140.1814,80,0,110,1718.02,317.2383,0.6802911
4,Below_Eyes,True,165.6421,364.7934,147.4973,80,0,110,1718.229,325.5131,0.3036439
4,Below_Eyes,True,166.3003,365.7083,149.627,80,0,110,1718.442,327.3946,0.1766451
4,Below_Eyes,True,168.3233,363.0669,146.1714,80,0,110,1718.649,323.8743,0.4874921
4,Below_Eyes,True,170.4546,346.2246,133.324,80,0,110,1718.884,303.8184,1.011736
4,Below_Eyes,True,169.8299,319.5604,124.5441,80,0,110,1719.108,276.5502,1.777253
4,Below_Eyes,True,168.8655,295.3234,118.319,80,0,110,1719.344,252.6434,0.8078267
4,Below_Eyes,True,173.12,282.1574,112.9135,80,0,110,1719.55,240.0026,0.6749267
4,Below_Eyes,True,170.1104,271.1554,105.1878,80,0,110,1719.759,226.3142,0.683098
4,Below_Eyes,True,171.5511,255.9192,98.6112,80,0,110,1719.982,210.8561,1.034413
4,Below_Eyes,True,167.2598,228.8435,99.14697,80,0,110,1720.233,187.785,1.271497
4,Below_Eyes,True,171.6971,200.028,105.0331,80,0,110,1720.483,171.0123,1.122463
4,Below_Eyes,True,169.6428,172.6128,106.9738,80,0,110,1720.721,153.5506,1.119509
4,Below_Eyes,True,168.9554,144.1209,105.1082,80,0,110,1720.928,136.5099,1.419916
4,Below_Eyes,True,171.7144,120.7811,105.8036,80,0,110,1721.138,129.0975,1.156966
4,Below_Eyes,True,166.3491,93.50645,107.7313,80,0,110,1721.346,122.3261,1.416137
4,Below_Eyes,True,170.1754,64.78736,107.7241,80,0,110,1721.554,124.3261,1.315371
4,Below_Eyes,True,170.0055,38.49099,101.595,80,0,110,1721.764,125.0808,1.326516
4,Below_Eyes,True,167.5021,11.01809,90.2917,80,0,110,1721.973,127.3483,1.487092
4,Below_Eyes,True,170.3234,-13.33385,80.86391,80,0,110,1722.199,137.4376,1.127982
4,Below_Eyes,True,164.7489,-42.17691,69.44106,80,0,110,1722.424,150.8201,1.546171
4,Below_Eyes,True,169.5021,-70.95155,56.30833,80,0,110,1722.65,171.7484,1.374732
4,Below_Eyes,True,167.4435,-93.69745,39.26682,80,0,110,1722.875,187.1161,1.369711
4,Below_Eyes,True,166.2232,-116.4035,17.16406,80,0,110,1723.099,205.0122,1.523499
4,Below_Eyes,True,167.3747,-136.0673,2.139533,80,0,110,1723.324,223.5655,1.122232
4,Below_Eyes,True,161.9884,-160.1133,-13.51027,80,0,110,1723.546,246.0482,1.402595
4,Below_Eyes,True,164.0638,-181.586,-26.94403,80,0,110,1723.744,268.4699,0.8925748
4,Below_Eyes,True,162.5382,-196.3221,-43.0478,80,0,110,1723.969,284.5475,1.077267
4,Below_Eyes,True,157.0504,-210.1706,-63.50278,80,0,110,1724.18,300.7413,1.274798
4,Below_Eyes,True,151.7499,-227.6854,-85.64688,80,0,110,1724.39,322.1006,1.128979
4,Below_Eyes,True,144.2783,-237.127,-97.35199,80,0,110,1724.6,333.4995,0.6478111
4,Below_Eyes,True,140.8664,-239.8422,-102.2329,80,0,110,1724.808,337.1992,0.1039442
4,Below_Eyes,True,147.6672,-238.1814,-98.15697,80,0,110,1725.02,335.1015,0.6355914
4,Below_Eyes,True,158.0161,-232.5129,-81.68652,80,0,110,1725.228,326.5617,1.099944
4,Below_Eyes,True,163.9502,-220.2782,-64.30688,80,0,110,1725.441,311.79,1.372197
4,Below_Eyes,True,164.3251,-207.2995,-47.67868,80,0,110,1725.647,296.2523,0.7780256
4,Below_Eyes,True,164.3996,-197.1602,-33.94122,80,0,110,1725.86,284.4804,0.6975831
4,Below_Eyes,True,164.3953,-191.2532,-22.39163,80,0,110,1726.068,277.5582,0.5813518
4,Below_Eyes,True,164.3338,-188.3313,-8.031914,80,0,110,1726.287,273.8948,0.7465079
4,Below_Eyes,True,164.654,-186.5328,9.728458,80,0,110,1726.508,272.2525,0.837459
4,Below_Eyes,True,170.6371,-182.3193,18.8709,80,0,110,1726.727,269.897,0.2863047
4,Below_Eyes,True,170.014,-178.8847,23.04859,80,0,110,1726.947,266.7474,0.2303265
4,Below_Eyes,True,171.9043,-177.9031,27.78508,80,0,110,1727.17,266.6799,0.2545186
4,Below_Eyes,True,171.0266,-179.127,34.1887,80,0,110,1727.394,268.4025,0.283325
4,Below_Eyes,True,171.811,-180.442,38.38749,80,0,110,1727.615,270.4149,0.1204129
4,Below_Eyes,True,171.3937,-179.8707,39.22056,80,0,110,1727.838,269.8892,0.06541758
4,Below_Eyes,True,171.8615,-180.8748,36.47752,80,0,110,1728.061,270.5792,0.1286146
4,Below_Eyes,True,171.6629,-181.5085,35.04137,80,0,110,1728.283,270.9555,0.03382695
4,Below_Eyes,True,171.6443,-181.8475,35.12207,80,0,110,1728.506,271.2889,0.03074705
4,Below_Eyes,True,171.5227,-181.531,35.83937,80,0,109.9772,1728.729,271.0549,0.04810193
4,end,True,171.3324,-181.087,36.4776,80,0,95.73916,1728.953,274.2469,0.03905639
4,end,True,171.0322,-180.5235,36.83031,80,0,67.18163,1729.175,282.8673,0.040581
4,end,True,170.589,-180.1978,36.92011,80,0,35.02887,1729.397,295.7068,0.03981786
4,end,True,170.3269,-179.8974,36.50024,80,0,9.020817,1729.618,308.0561,0.01962858
4,end,True,170.159,-179.5328,36.37684,80,0,0,1729.841,312.4654,0.01793333
4,end,True,170.0727,-179.6814,36.81365,80,0,0,1730.064,312.593,0.0395094
4,end,True,170.0962,-180.02,37.95706,80,0,0,1730.286,313.0237,0.06598479
4,end,True,170.1571,-180.1602,39.51662,80,0,0,1730.509,313.3661,0.07660083
4,end,True,170.2045,-180.2548,41.16962,80,0,0,1730.733,313.683,0.08069098
4,end,True,169.9763,-180.0926,42.77032,80,0,0,1730.956,313.639,0.05744778
4,end,True,169.8899,-179.9526,43.51532,80,0,0,1731.231,313.5786,0.01033508
4,end,True,169.9504,-179.704,43.46214,80,0,0,1731.44,313.3979,0.0158321
4,end,True,169.9659,-179.4915,43.30737,80,0,0,1731.649,313.2088,0.004053289
4,end,True,169.9551,-179.5928,43.73578,80,0,0,1731.857,313.3465,0.0372943
4,end,True,169.5876,-179.563,45.34712,80,0,0,1732.067,313.3517,0.08919223
4,end,True,169.2881,-178.1823,46.62284,80,0,0,1732.275,312.2342,0.09605255
4,end,True,169.0804,-179.3665,43.74469,80,0,0,1732.484,312.6864,0.2629827
4,end,True,169.775,-183.0649,36.83505,80,0,0,1732.694,315.2515,0.3888601
4,end,True,169.5831,-186.8782,27.71886,80,0,0,1732.932,317.4126,0.4214661
4,end,True,169.6478,-190.1745,21.57838,80,0,0,1733.156,319.7503,0.2808416
4,end,True,169.0103,-190.5075,19.94424,80,0,0,1733.382,319.5881,0.09909149
4,end,True,168.9382,-187.1117,22.05146,80,0,0,1733.611,316.8202,0.20465
4,end,True,167.0446,-184.4526,22.29819,80,0,0,1733.839,313.5862,0.1554457
4,end,True,165.1304,-183.4363,26.71667,80,0,0,1734.057,312.0585,0.2345996
4,end,True,168.5815,-184.9338,26.02644,80,0,0,1734.278,315.0984,0.192173
4,end,True,177.4385,-185.5671,24.86307,80,0,0,1734.477,320.3568,0.4299904
4,end,True,187.4446,-186.3614,19.67699,80,0,0,1734.715,326.299,0.8557674
4,end,True,168.022,-195.1761,8.984592,80,0,0,1734.931,322.5431,1.689021
4,end,True,131.5754,-201.6389,12.50056,80,0,0,1735.152,311.109,1.519513
4,end,True,114.3798,-215.2566,19.24252,80,0,0,1735.396,317.2215,0.9642214
4,end,True,104.5338,-229.6771,15.6861,80,0,0,1735.593,327.2205,0.7758079
4,end,True,93.33279,-243.9864,9.749733,80,0,0,1735.824,337.3029,0.6762245
4,end,True,87.77742,-248.8147,9.118746,80,0,0,1736.026,340.4514,0.2070316
4,end,True,86.53981,-249.1263,10.58768,80,0,0,1736.239,340.4781,0.2461554
4,end,True,86.73998,-249.3242,11.26665,80,0,0,1736.451,340.7422,0.04739384
4,end,True,87.21323,-249.2296,10.97634,80,0,0,1736.657,340.762,0.04032198
4,end,True,87.27515,-248.9255,10.69318,80,0,0,1736.866,340.4751,0.06052404
4,end,True,87.24477,-248.9138,10.89815,80,0,0,1737.073,340.4625,0.02439568
4,end,True,87.35665,-248.9896,10.68088,80,0,0,1737.282,340.5575,0.04611323
4,end,True,87.12656,-249.0763,10.61387,80,0,0,1737.492,340.5803,0.03540519
4,end,True,86.99664,-248.5706,10.71648,80,0,0,1737.701,340.0616,0.05281865
4,end,True,86.90839,-248.4334,10.71068,80,0,0,1737.909,339.9063,0.04049734
4,end,True,87.03183,-248.7913,10.62562,80,0,0,1738.12,340.281,0.03369798
4,end,True,87.04205,-248.5925,10.59915,80,0,0,1738.327,340.0908,0.0199692
4,end,True,87.05057,-248.5627,10.85892,80,0,0,1738.535,340.0723,0.02422128
4,end,True,87.0239,-248.6992,10.86127,80,0,0,1738.745,340.1975,0.02053769
4,end,True,87.05132,-248.6282,10.76197,80,0,0,1738.954,340.1327,0.02083108
4,end,True,87.06535,-248.6378,10.75426,80,0,0,1739.162,340.1453,0.01680917
4,end,True,87.0283,-248.6833,10.92407,80,0,0,1739.371,340.1852,0.004139901
4,end,True,87.04934,-248.6185,10.9787,80,0,0,1739.58,340.1297,0.0179378
4,end,True,87.04839,-248.5708,10.80741,80,0,0,1739.789,340.0779,0.01153632
4,end,True,87.00607,-248.6389,10.76678,80,0,0,1739.997,340.1316,0.01397008
4,end,True,87.06975,-248.6528,10.89578,80,0,0,1740.207,340.1654,0.008113262
4,end,True,87.06934,-248.6434,10.92499,80,0,0,1740.415,340.1572,0.01691323
4,end,True,87.04568,-248.6758,10.92303,80,0,0,1740.624,340.1824,0.0147594
4,end,True,87.01746,-248.6446,10.76993,80,0,0,1740.833,340.1401,0.01935631
4,end,True,87.02211,-248.5874,10.90719,80,0,0,1741.042,340.0905,0.01018048
4,end,True,87.02747,-248.6404,10.8814,80,0,0,1741.252,340.1422,0.003821825
4,end,True,87.00789,-248.6168,10.85175,80,0,0,1741.459,340.1134,0.01107447
4,end,True,86.99847,-248.6477,10.80215,80,0,0,1741.668,340.1393,0.007632767
4,end,True,87.01364,-248.686,10.73921,80,0,0,1741.877,340.1781,0.00915771
4,end,True,86.99884,-248.6304,10.85803,80,0,0,1742.086,340.1244,0.008904156
4,end,True,87.00064,-248.6441,10.89689,80,0,0,1742.295,340.1394,0.005831837
4,end,True,86.97645,-248.571,10.91149,80,0,0,1742.504,340.063,0.01700891
4,end,True,86.98962,-248.6078,10.83152,80,0,0,1742.713,340.0994,0.00371853
4,end,True,86.9602,-248.5573,10.78607,80,0,0,1742.921,340.0416,0.007256448
4,end,True,86.99384,-248.5905,10.85996,80,0,0,1743.13,340.0847,0.009065421
4,end,True,86.97089,-248.5839,10.89094,80,0,0,1743.339,340.0734,0.005965179
4,end,True,87.01346,-248.5772,10.93969,80,0,0,1743.548,340.0794,0.008962116
4,end,True,86.982,-248.5979,10.88046,80,0,0,1743.757,340.0894,0.006609662
4,end,True,86.96966,-248.6089,10.86818,80,0,0,1743.965,340.0966,0.002194162
4,end,True,86.94804,-248.554,10.86633,80,0,0,1744.175,340.0379,0.007120655
4,end,True,86.97202,-248.5969,10.88378,80,0,0,1744.384,340.086,0.003452245
4,end,True,86.97855,-248.5673,10.85127,80,0,0,1744.592,340.058,0.01010617
4,end,True,86.97482,-248.5913,10.89135,80,0,0,1744.801,340.0816,0.00584943
4,end,True,86.95588,-248.6163,10.77173,80,0,0,1745.01,340.097,0.009873998
4,end,True,86.95996,-248.5891,10.82185,80,0,0,1745.219,340.0734,0.001790587
4,end,True,86.96861,-248.5955,10.84732,80,0,0,1745.427,340.