id,height_condition,social_framing,participant_y,participant_x,participant_z,drone_x,drone_z,drone_y,time,participant_drone_distance,velocity
8,Below_Eyes,True,0,-217.5,25.5,80,0,0,5.021887,298.5909,0
8,end,True,109.482,-198.6012,267.6243,80,0,0,5.688232,401.5317,0
8,end,True,109.482,-198.6012,267.6243,80,0,0,5.917287,401.5317,0
8,end,True,109.482,-198.6012,267.6243,80,0,0,6.167023,401.5317,0
8,end,True,109.482,-198.6012,267.6243,80,0,0,6.407423,401.5317,0
8,end,True,109.482,-198.6012,267.6243,80,0,0,6.643114,401.5317,0
8,end,True,109.482,-198.6012,267.6243,80,0,0,6.844674,401.5317,0
8,end,True,109.482,-198.6012,267.6243,80,0,0,7.076214,401.5317,0
8,end,True,109.482,-198.6012,267.6243,80,0,0,7.282562,401.5317,0
8,end,True,109.482,-198.6012,267.6243,80,0,0,7.523941,401.5317,0
8,end,True,109.482,-198.6012,267.6243,80,0,0,7.734195,401.5317,0
8,end,True,109.482,-198.6012,267.6243,80,0,0,7.943224,401.5317,0
8,end,True,109.482,-198.6012,267.6243,80,0,0,8.161488,401.5317,0
8,end,True,109.482,-198.6012,267.6243,80,0,0,8.370162,401.5317,0
8,end,True,109.482,-198.6012,267.6243,80,0,0,8.579506,401.5317,0
8,end,True,109.482,-198.6012,267.6243,80,0,0,8.788445,401.5317,0
8,end,True,71.07478,-262.3849,125.8832,80,0,0,9.000327,371.6525,0.0005322544
8,end,True,71.07616,-262.3799,125.8895,80,0,0,9.209278,371.6503,0.001177724
8,end,True,71.08941,-262.3716,125.8831,80,0,0,9.417618,371.6431,0.003238888
8,end,True,71.14227,-262.356,125.8761,80,0,0,9.634016,371.6364,0.002664131
8,end,True,71.22646,-262.3345,125.8526,80,0,0,9.830205,371.6248,0.0107145
8,end,True,71.48125,-262.2628,125.886,80,0,0,10.05616,371.619,0.01579702
8,end,True,154.6114,-221.8308,125.9151,80,0,0,10.26763,361.7473,0.1347571
8,end,True,155.471,-220.3056,126.8305,80,0,0,10.4757,361.1656,0.06533172
8,end,True,155.3674,-219.447,127.0264,80,0,0,10.68356,360.4764,0.05483352
8,end,True,153.148,-218.2817,126.0866,80,0,0,10.89144,358.2236,0.2342432
8,end,True,148.3241,-218.6934,125.2936,80,0,0,11.09512,356.253,0.1995961
8,end,True,143.8888,-220.9485,124.5397,80,0,0,11.3393,356.0676,0.2092494
8,end,True,142.6014,-223.0101,125.6247,80,0,0,11.53734,357.6756,0.1309243
8,end,True,142.4957,-224.9759,127.8031,80,0,0,11.7514,360.068,0.1409254
8,end,True,141.8797,-226.5172,130.0861,80,0,0,11.96439,361.9462,0.1405485
8,end,True,143.0066,-227.9783,134.9433,80,0,0,12.17526,365.3918,0.6201772
8,end,True,145.4762,-226.8315,141.9495,80,0,0,12.37933,368.047,0.3904979
8,end,True,147.247,-223.5789,145.8466,80,0,0,12.62648,367.5773,0.1308237
8,end,True,146.8583,-223.5763,145.1045,80,0,0,12.84365,367.1256,0.1339231
8,end,True,144.438,-226.7526,141.2467,80,0,0,13.025,367.3012,0.2583811
8,end,True,143.1216,-228.5831,135.8482,80,0,0,13.27605,366.2814,0.1653485
8,end,True,142.8301,-229.033,133.2876,80,0,0,13.49287,365.6056,0.1207227
8,end,True,142.7115,-228.9306,132.0124,80,0,0,13.70436,365.0096,0.02731302
8,end,True,141.7848,-229.419,132.4699,80,0,0,13.913,365.2278,0.09132585
8,end,True,141.2877,-229.7645,133.1234,80,0,0,14.124,365.5654,0.05187551
8,end,True,140.7959,-229.7561,134.0981,80,0,0,14.33005,365.7248,0.04779483
8,end,True,140.742,-229.6104,134.6643,80,0,0,14.53992,365.7887,0.03122162
8,end,True,140.5301,-229.6755,135.2127,80,0,0,14.74809,365.9646,0.04900782
8,end,True,140.3977,-229.9644,135.0744,80,0,0,14.95679,366.1073,0.02701417
8,end,True,141.7543,-229.1384,132.4294,80,0,0,15.16612,364.9635,0.2765088
8,end,True,144.4581,-225.9856,127.3986,80,0,0,15.3689,361.5602,0.2231309
8,end,True,143.3108,-223.5057,124.0465,80,0,0,15.63951,357.8285,0.1544476
8,end,True,141.9897,-224.2532,121.5678,80,0,0,15.86359,357.0851,0.1190246
8,end,True,141.3222,-225.9514,120.867,80,0,0,16.08772,358.0322,0.08704028
8,end,True,141.3132,-227.0961,121.1308,80,0,0,16.31124,359.0962,0.05903502
8,end,True,142.6336,-229.2319,123.1362,80,0,0,16.52202,362.1205,0.1605185
8,end,True,142.7679,-231.7367,125.8618,80,0,0,16.73621,365.2447,0.1277219
8,end,True,142.9569,-231.2932,126.6194,80,0,0,16.94998,365.2022,0.07665677
8,end,True,142.8888,-230.6267,127.9572,80,0,0,17.1577,365.0742,0.09577692
8,end,True,142.4717,-230.4756,129.1253,80,0,0,17.36692,365.194,0.03818501
8,end,True,142.2867,-230.457,130.5854,80,0,0,17.57611,365.625,0.03946384
8,end,True,142.3773,-230.9014,131.8574,80,0,0,17.78394,366.4934,0.07895266
8,end,True,142.3008,-231.7775,133.6199,80,0,0,17.99347,367.8437,0.1024971
8,end,True,142.2779,-233.1921,136.0415,80,0,0,18.20235,369.9183,0.1492279
8,end,True,142.3863,-235.1255,140.4696,80,0,0,18.41084,373.2421,0.1741966
8,end,True,143.4082,-236.1134,143.3565,80,0,0,18.62102,375.5592,0.131107
8,end,True,143.358,-237.0676,145.4827,80,0,0,18.82868,377.1585,0.1217829
8,end,True,142.6735,-239.1567,147.9767,80,0,0,19.03748,379.6233,0.1494227
8,end,True,141.2753,-241.4377,149.4073,80,0,0,19.24565,381.5801,0.1527086
8,end,True,140.22,-243.4422,148.4151,80,0,0,19.45543,382.4964,0.1169899
8,end,True,139.9702,-244.496,146.0438,80,0,0,19.6642,382.3848,0.1656796
8,end,True,140.193,-243.4135,141.5466,80,0,0,19.87329,379.8497,0.2803627
8,end,True,141.0166,-239.554,134.9621,80,0,0,20.08197,374.4532,0.4711913
8,end,True,143.5677,-230.3921,125.6001,80,0,0,20.28775,364.3217,0.7601601
8,end,True,146.4769,-216.4508,116.0401,80,0,0,20.49077,350.4338,0.7390954
8,end,True,148.0684,-199.6244,109.5194,80,0,0,20.75563,334.8261,0.478974
8,end,True,147.7245,-194.6404,106.1786,80,0,0,20.98352,329.4295,0.256043
8,end,True,146.5701,-195.6408,101.5586,80,0,0,21.20634,328.2907,0.2507575
8,end,True,145.1376,-202.0716,95.05695,80,0,0,21.42827,331.1573,0.5140196
8,end,True,145.0798,-212.3769,85.04805,80,0,0,21.6514,337.2915,0.6805407
8,end,True,143.9485,-219.4818,74.45042,80,0,0,21.87744,340.5193,0.4762397
8,end,True,143.2122,-221.7539,65.93819,80,0,0,22.09999,340.46,0.3728545
8,end,True,141.6837,-220.1972,57.96932,80,0,0,22.32397,336.9764,0.3927378
8,end,True,141.3088,-214.0593,48.29499,80,0,0,22.54646,329.8051,0.6075628
8,end,True,142.0226,-208.4907,38.70405,80,0,0,22.7706,323.8754,0.4475911
8,end,True,142.2466,-205.6169,31.02275,80,0,0,22.98995,320.583,0.3362004
8,end,True,141.4909,-206.0546,24.02171,80,0,0,23.21248,320.0374,0.3248076
8,end,True,142.041,-210.2322,18.44128,80,0,0,23.43502,323.6518,0.4118883
8,end,True,144.9235,-216.4312,12.45526,80,0,0,23.65974,330.196,0.3369705
8,end,True,146.8462,-221.444,7.948004,80,0,0,23.88669,335.4034,0.2605259
8,end,True,149.1348,-221.3604,4.643449,80,0,0,24.10617,336.2749,0.2449899
8,end,True,150.9356,-216.6154,-0.1540571,80,0,0,24.33161,332.8096,0.4062674
8,end,True,150.2231,-209.8562,-10.74406,80,0,0,24.55299,326.6482,0.6366875
8,end,True,151.9558,-202.7774,-24.96201,80,0,0,24.77685,321.9887,0.6597952
8,end,True,151.1879,-200.7264,-37.27486,80,0,0,25.00067,321.0211,0.4503824
8,end,True,149.5725,-203.1603,-48.45011,80,0,0,25.22411,323.8813,0.6749732
8,end,True,147.715,-210.0766,-59.57172,80,0,0,25.447,330.9274,0.5933201
8,end,True,147.1788,-215.3264,-70.17377,80,0,0,25.66892,337.348,0.4918691
8,end,True,145.8963,-217.2158,-78.37804,80,0,0,25.87977,340.2441,0.4099053
8,end,True,144.4312,-215.9162,-88.41612,80,0,0,26.10376,340.946,0.5291295
8,end,True,147.0546,-213.488,-100.5777,80,0,0,26.31788,343.3309,0.6081495
8,end,True,146.1635,-214.0492,-108.7349,80,0,0,26.52813,345.9075,0.272679
8,end,True,145.9552,-218.2074,-111.0695,80,0,0,26.73793,350.0957,0.2324834
8,end,True,146.1951,-222.5874,-107.7451,80,0,0,26.94669,352.9039,0.2693316
8,end,True,145.1194,-228.1381,-106.8496,80,0,0,27.15575,356.9672,0.2916254
8,end,True,143.0341,-233.9371,-108.1853,80,0,0,27.36478,361.5513,0.2908669
8,end,True,140.9339,-238.4983,-111.2754,80,0,0,27.57274,365.6306,0.2372798
8,end,True,140.7844,-240.7235,-114.938,80,0,0,27.78418,368.6388,0.1824859
8,end,True,140.1923,-242.9345,-117.7502,80,0,0,27.99166,371.2219,0.1756577
8,end,True,138.85,-244.3788,-117.8916,80,0,0,28.20112,372.0206,0.1071046
8,end,True,137.8631,-245.2889,-117.2719,80,0,0,28.40724,372.2523,0.01366058
8,end,True,138.3497,-245.3734,-116.4737,80,0,0,28.61458,372.2561,0.08114833
8,end,True,140.0141,-244.6503,-112.1935,80,0,0,28.82261,370.9301,0.3162828
8,end,True,143.3073,-239.4257,-104.7373,80,0,0,29.07588,365.4308,0.483698
8,end,True,146.4773,-231.3682,-96.52534,80,0,0,29.29839,357.3834,0.6176906
8,end,True,148.2495,-218.7467,-85.80252,80,0,0,29.52316,344.3684,0.8023644
8,end,True,148.0624,-210.4602,-76.40781,80,0,0,29.74454,334.8548,0.4660997
8,end,True,147.27,-207.6015,-68.1234,80,0,0,29.96061,330.2179,0.4451871
8,end,True,144.3149,-209.3525,-57.33316,80,0,0,30.18379,328.3881,0.5429342
8,end,True,143.0438,-214.1315,-43.12724,80,0,0,30.41037,329.9012,0.6512178
8,end,True,144.0444,-214.3975,-31.01777,80,0,0,30.63656,329.2123,0.4879408
8,end,True,148.1011,-204.829,-23.94597,80,0,0,30.85689,321.9238,0.5302408
8,end,True,150.1741,-192.5493,-18.7452,80,0,0,31.09595,311.7479,0.5910921
8,end,True,151.8506,-177.9058,-15.63507,80,0,0,31.30543,299.6973,0.7845591
8,end,True,153.2409,-165.4807,-10.38554,80,0,0,31.51475,289.5711,0.6488554
8,end,True,154.4112,-154.6071,-2.262771,80,0,0,31.72222,280.8709,0.7439001
8,end,True,152.7801,-143.9077,11.81723,80,0,0,31.93372,271.3228,0.9442009
8,end,True,157.418,-132.7504,29.03292,80,0,0,32.1427,266.2444,0.9409815
8,end,True,158.2192,-119.3809,39.27922,80,0,0,32.3517,257.544,0.8529669
8,end,True,153.1501,-101.7909,48.09232,80,0,0,32.56036,242.5196,1.044308
8,end,True,155.4078,-78.50278,55.286,80,0,0,32.81289,228.7603,0.9474939
8,end,True,155.0363,-59.6256,64.76916,80,0,0,33.03654,218.4642,0.9831122
8,end,True,151.6329,-38.9925,77.7991,80,0,0,33.26109,207.8568,1.086791
8,end,True,156.3449,-18.49556,87.97247,80,0,0,33.48516,204.6564,0.9532481
8,end,True,153.0847,3.115463,94.18417,80,0,0,33.70996,195.4912,1.120007
8,end,True,151.4599,27.77328,95.29306,80,0,0,33.93476,186.4095,1.105943
8,end,True,155.6343,48.51613,99.79557,80,0,0,34.15831,187.5431,0.9666387
8,end,True,151.1115,70.91863,106.4378,80,0,0,34.38231,185.0572,1.146597
8,end,True,154.0394,94.86401,116.3934,80,0,0,34.60798,193.6402,1.088838
8,end,True,156.1585,116.7074,121.4796,80,0,0,34.83148,201.2218,0.9418009
8,end,True,153.1521,139.5452,123.9481,80,0,0,35.05419,205.826,1.110261
8,end,True,157.173,161.2326,125.8842,80,0,0,35.2789,217.138,0.9357063
8,end,True,157.487,181.2489,131.923,80,0,0,35.50327,229.0353,0.9752116
8,end,True,154.0226,201.4754,140.1871,80,0,0,35.71206,241.1051,0.7790434
8,end,True,157.8633,221.639,146.291,80,0,0,35.93647,257.6499,0.8529991
8,end,True,156.4036,238.7912,149.7456,80,0,0,36.14725,268.5154,0.8659183
8,end,True,153.5866,255.8405,150.3727,80,0,0,36.35825,277.7061,0.8237854
8,end,True,156.3767,272.2842,151.327,80,0,0,36.56711,290.3907,0.7766662
8,end,True,156.9521,287.2001,152.7553,80,0,0,36.77814,301.4963,0.7306048
8,end,True,155.0143,302.8638,155.6958,80,0,0,36.98907,312.9519,0.7783601
8,end,True,156.8555,318.5862,158.5477,80,0,0,37.19949,326.5952,0.6722021
8,end,True,158.3664,331.7682,157.3618,80,0,0,37.40968,336.4965,0.5589051
8,end,True,157.7786,342.6898,153.5605,80,0,0,37.61806,342.7549,0.5365481
8,end,True,157.7703,350.8402,148.2471,80,0,0,37.82775,346.732,0.398788
8,end,True,158.2098,356.5371,146.0545,80,0,0,38.03553,350.4783,0.2255525
8,end,True,158.5453,359.6405,145.6965,80,0,0,38.24518,352.9347,0.07966817
8,end,True,159.0537,361.1002,146.3031,80,0,0,38.45332,354.5701,0.06687662
8,end,True,158.7716,362.6315,147.2754,80,0,0,38.6617,356.0604,0.1245171
8,end,True,154.3084,364.7027,147.2571,80,0,0,38.87259,355.7406,0.2155741
8,end,True,152.615,365.4419,149.2176,80,0,0,39.0793,356.4187,0.1294274
8,end,True,152.2995,365.4942,151.1718,80,0,0,39.28873,357.1484,0.07599889
8,end,True,152.0103,365.7468,151.8611,80,0,0,39.49736,357.5194,0.01434061
8,end,True,153.9695,363.5187,146.7555,80,0,0,39.70864,354.4385,0.2669296
8,end,True,154.7203,360.5505,139.999,80,0,0,39.91648,349.6379,0.4401484
8,end,True,154.6358,355.7143,126.9283,80,0,0,40.1403,340.6485,0.4864086
8,end,True,155.3956,352.9463,114.7709,80,0,0,40.36478,334.3947,0.4136515
8,end,True,155.4728,354.5175,105.8268,80,0,0,40.58735,332.7626,0.4176635
8,end,True,155.3051,357.8567,94.47774,80,0,0,40.81133,332.0393,0.6208689
8,end,True,156.269,360.3391,84.30899,80,0,0,41.02653,331.8404,0.4609913
8,end,True,157.379,362.5868,74.89952,80,0,0,41.23401,332.0141,0.5337395
8,end,True,156.7289,362.5651,62.27273,80,0,0,41.44181,329.0667,0.6724918
8,end,True,155.4095,359.857,46.89115,80,0,0,41.65198,323.5287,0.7821603
8,end,True,157.9652,355.6856,32.30809,80,0,0,41.86434,319.3735,0.6072817
8,end,True,159.4308,354.8575,22.7249,80,0,0,42.08883,318.5612,0.5471793
8,end,True,159.3143,355.6248,18.72853,80,0,0,42.28483,318.9057,0.158198
8,end,True,156.1935,357.2526,16.80263,80,0,0,42.51038,318.6655,0.1244262
8,end,True,155.2052,358.3062,17.03199,80,0,0,42.73236,319.113,0.06524003
8,end,True,154.5341,358.6447,17.27999,80,0,0,42.95614,319.096,0.04664238
8,end,True,153.2613,358.1606,17.16803,80,0,0,43.17648,318.052,0.03632927
8,end,True,152.4458,357.7929,16.98226,80,0,0,43.42369,317.328,0.05133326
8,end,True,150.7522,353.3608,16.23286,80,0,0,43.63124,312.5953,0.5652084
8,end,True,144.8046,343.9443,23.17275,80,0,0,43.85491,301.947,0.4688862
8,end,True,144.1165,344.2932,31.1447,80,0,0,44.1132,302.6391,0.4338495
8,end,True,145.9428,340.9417,42.72908,80,0,0,44.32144,302.0192,0.6547314
8,end,True,147.3483,333.6156,58.26367,80,0,0,44.53006,299.0436,0.9214029
8,end,True,149.2056,323.5732,71.35061,80,0,0,44.73817,294.4165,0.6093936
8,end,True,150.9211,310.496,76.45029,80,0,0,44.96108,285.92,0.8273333
8,end,True,148.4963,290.0223,77.9879,80,0,0,45.21191,268.7799,0.900168
8,end,True,154.1299,267.058,75.94685,80,0,0,45.46296,253.9973,0.8781668
8,end,True,154.3629,245.4683,79.14513,80,0,0,45.71315,239.7324,0.9324853
8,end,True,150.9114,221.7182,89.489,80,0,0,45.9641,225.5362,1.145116
8,end,True,154.6559,198.0401,95.82742,80,0,0,46.21477,216.8751,0.919708
8,end,True,152.3127,176.1091,97.02068,80,0,0,46.45122,204.5706,0.7868276
8,end,True,154.3798,155.3835,94.75916,80,0,0,46.65955,196.2016,1.07051
8,end,True,158.1181,137.5004,95.37949,80,0,0,46.86884,193.4034,0.8768279
8,end,True,156.1372,116.9126,96.1981,80,0,0,47.07789,187.0706,0.9965572
8,end,True,155.3903,95.78378,100.5573,80,0,0,47.28679,185.7607,1.090365
8,end,True,158.4039,75.99814,99.36935,80,0,0,47.49673,187.035,0.9561837
8,end,True,156.1847,57.24459,92.89597,80,0,0,47.7051,183.1424,0.9682513
8,end,True,156.6449,38.39624,81.86098,80,0,0,47.91536,181.5756,1.090265
8,end,True,159.6953,21.89043,73.86404,80,0,0,48.11182,185.2976,0.7879398
8,end,True,157.125,3.785014,64.24848,80,0,0,48.3404,186.0776,0.8996987
8,end,True,155.5854,-17.04364,61.12183,80,0,0,48.56348,193.2878,1.002002
8,end,True,157.9118,-37.86287,56.47527,80,0,0,48.78645,204.9811,1.138492
8,end,True,153.7196,-59.30638,51.49883,80,0,0,49.01259,213.7477,0.9261591
8,end,True,153.5339,-78.26218,40.73856,80,0,0,49.23565,224.2303,1.029429
8,end,True,154.7262,-96.59225,35.9247,80,0,0,49.45842,237.5197,0.8071561
8,end,True,149.8466,-115.7244,33.7693,80,0,0,49.68054,248.8019,0.9387403
8,end,True,148.6534,-135.2538,36.64661,80,0,0,49.90493,264.1496,0.7985066
8,end,True,148.7086,-151.6579,33.90936,80,0,0,50.12918,277.3617,0.6929228
8,end,True,145.7093,-167.1491,29.16242,80,0,0,50.35353,288.3822,0.7673865
8,end,True,146.5777,-183.9639,20.20532,80,0,0,50.59542,302.6057,0.5459005
8,end,True,146.8115,-196.1326,17.05925,80,0,0,50.80573,313.1994,0.5556706
8,end,True,145.9581,-206.8053,16.63131,80,0,0,51.01631,322.2385,0.4633077
8,end,True,146.1221,-217.736,19.01778,80,0,0,51.22546,332.2049,0.5497228
8,end,True,148.2894,-228.479,22.09559,80,0,0,51.43744,342.9828,0.3995528
8,end,True,149.5286,-235.3974,22.77146,80,0,0,51.64707,349.7897,0.2727882
8,end,True,151.9185,-238.7893,21.67009,80,0,0,51.85811,353.8015,0.25238
8,end,True,155.6818,-241.9221,20.82206,80,0,0,52.06903,358.1958,0.2388746
8,end,True,150.975,-246.969,20.54718,80,0,0,52.27736,360.7275,0.4655883
8,end,True,136.3913,-251.2492,21.0908,80,0,0,52.48719,358.8502,0.8139411
8,end,True,120.7874,-251.4496,23.15637,80,0,0,52.69463,353.5316,0.7135981
8,end,True,104.0485,-250.0152,26.01033,80,0,0,52.90345,347.0053,0.7068403
8,end,True,90.87575,-247.4326,27.95599,80,0,0,53.10925,340.9575,0.6046218
8,end,True,82.59163,-247.1713,29.56005,80,0,0,53.31919,338.7273,0.3713284
8,end,True,77.3503,-248.764,29.45779,80,0,0,53.52808,339.023,0.2002175
8,end,True,76.07595,-249.0562,29.6187,80,0,0,53.73774,339.0321,0.05073937
8,end,True,75.97263,-249.1376,29.71126,80,0,0,53.94653,339.096,0.03610041
8,end,True,75.94892,-249.1201,29.57297,80,0,0,54.15585,339.0617,0.01369285
8,end,True,76.00954,-249.0105,29.53039,80,0,0,54.3644,338.9652,0.005808305
8,end,True,75.96715,-248.9387,29.53073,80,0,0,54.57209,338.886,0.006351004
8,end,True,76.04967,-249.0577,29.53735,80,0,0,54.78329,339.0206,0.01830247
8,end,True,76.10857,-249.184,29.60535,80,0,0,54.99076,339.1624,0.008425623
8,end,True,76.11081,-249.2071,29.60895,80,0,0,55.20021,339.1855,0.004363427
8,end,True,76.06393,-249.2089,29.53289,80,0,0,55.40862,339.1702,0.0104693
8,end,True,75.99402,-249.1422,29.55535,80,0,0,55.61801,339.0918,0.006079863
8,end,True,75.91715,-249.1225,29.62697,80,0,0,55.82661,339.0616,0.004418902
8,end,True,75.88612,-249.1848,29.63112,80,0,0,56.03535,339.1155,0.006246666
8,end,True,75.84849,-249.2256,29.56494,80,0,0,56.24411,339.1409,0.0137014
8,end,True,75.8868,-248.9219,29.80193,80,0,0,56.45323,338.8754,0.01053122
8,end,True,75.87462,-248.9354,29.76514,80,0,0,56.66198,338.8826,0.01157045
8,end,True,75.93286,-249.0327,29.767,80,0,0,56.87006,338.9902,0.00392952
8,end,True,75.93822,-248.9675,29.75372,80,0,0,57.08122,338.927,0.006899753
8,end,True,75.95353,-248.9928,29.69936,80,0,0,57.28723,338.9503,0.004053329
8,end,True,75.93909,-249.0101,29.68322,80,0,0,57.49873,338.9623,0.005675278
8,end,True,75.90173,-249.0152,29.68295,80,0,0,57.70573,338.959,0.006988423
8,end,True,75.93542,-248.9626,29.70677,80,0,0,57.91504,338.9175,0.003569052
8,end,True,75.94787,-248.9643,29.67204,80,0,0,58.12425,338.9189,0.005481571
8,end,True,75.96762,-249.0133,29.62314,80,0,0,58.3333,338.9666,0.004427623
8,end,True,75.9761,-249.0197,29.65647,80,0,0,58.54194,338.9776,0.006784823
8,end,True,75.946,-248.994,29.643,80,0,0,58.75055,338.9447,0.003738869
8,end,True,75.97917,-248.9819,29.67487,80,0,0,58.95956,338.9432,0.001701599
8,end,True,75.96161,-248.9824,29.64264,80,0,0,59.16844,338.9369,0.006721977
8,end,True,75.9524,-249.0062,29.68126,80,0,0,59.37699,338.9614,0.004875843
8,end,True,75.94742,-249.0176,29.6342,80,0,0,59.58583,338.9672,0.002229074
8,end,True,75.89149,-249.0462,29.68419,80,0,0,59.79724,338.9869,0.005491034
8,end,True,75.91227,-249.0128,29.6892,80,0,0,60.00198,338.9595,0.002467994
8,end,True,75.90927,-248.9957,29.6934,80,0,0,60.2137,338.9426,0.004899946
8,end,True,75.88598,-249.029,29.69767,80,0,0,60.42088,338.97,0.006255058
8,end,True,75.90723,-249.0738,29.69268,80,0,0,60.62954,339.0179,0.002811487
8,end,True,75.89868,-249.0648,29.72158,80,0,0,60.83961,339.0097,0.001747993
8,end,True,75.89749,-249.0305,29.69295,80,0,0,61.04795,338.9737,0.003985922
8,end,True,75.89463,-249,29.71402,80,0,0,61.25672,338.9453,0.00594537
8,end,True,75.89137,-248.9762,29.71118,80,0,0,61.46587,338.9212,0.007945995
8,end,True,75.91805,-248.9759,29.75117,80,0,0,61.67429,338.9304,0.003386413
8,end,True,75.90224,-248.9667,29.68007,80,0,0,61.88387,338.9117,0.005318756
8,end,True,75.9434,-248.9659,29.70425,80,0,0,62.09313,338.9222,0.004109173
8,end,True,75.91069,-248.9127,29.67759,80,0,0,62.30021,338.861,0.004255825
8,end,True,75.94715,-248.9525,29.68973,80,0,0,62.51103,338.9089,0.005480868
8,end,True,75.88478,-249.0186,29.67571,80,0,0,62.71722,338.9578,0.004019872
8,end,True,75.88203,-249.0217,29.69662,80,0,0,62.9281,338.962,0.005277922
8,end,True,75.88248,-249.0189,29.71588,80,0,0,63.13645,338.9611,0.007626414
8,end,True,75.89249,-249.027,29.69948,80,0,0,63.34531,338.9697,0.005475342
8,end,True,75.90146,-248.9714,29.66975,80,0,0,63.55384,338.9152,0.002004646
8,end,True,75.92387,-248.9848,29.68446,80,0,0,63.76369,338.9345,0.004169829
8,end,True,75.94707,-249.0391,29.73202,80,0,0,63.97206,338.9966,0.002510296
8,end,True,75.90361,-249.0241,29.75219,80,0,0,64.18014,338.9741,0.007386365
8,end,True,75.8968,-249.0093,29.72659,80,0,0,64.3891,338.9559,0.003703511
8,end,True,75.92863,-249.0123,29.70236,80,0,0,64.59796,338.9639,0.003382775
8,end,True,75.88412,-249.019,29.74759,80,0,0,64.80836,338.9644,0.003048981
8,end,True,75.8232,-249.0602,29.69552,80,0,0,65.01606,338.9861,0.008619966
8,end,True,75.87308,-249.027,29.71507,80,0,0,65.22522,338.9667,0.008338728
8,end,True,75.88849,-248.9957,29.75775,80,0,0,65.43216,338.9435,0.004408788
8,end,True,75.90457,-248.9975,29.68124,80,0,0,65.64302,338.9423,0.001935768
8,end,True,75.8802,-248.9693,29.70868,80,0,0,65.85127,338.9118,0.003951165
8,end,True,75.88988,-248.9877,29.67955,80,0,0,66.06059,338.9293,0.004340631
8,end,True,75.90144,-248.9981,29.68694,80,0,0,66.26893,338.9426,0.005927531
8,end,True,75.89817,-248.9728,29.74998,80,0,0,66.47815,338.9229,0.004825728
8,end,True,75.96454,-248.9692,29.71087,80,0,0,66.68654,338.9308,0.01361377
8,end,True,75.99366,-248.9883,29.75129,80,0,0,66.89505,338.9594,0.005448489
8,end,True,75.95879,-248.9247,29.75338,80,0,0,67.10561,338.89,0.003631391
8,end,True,70.59531,-248.661,22.61501,80,0,0,1291.695,336.9172,0.2866112
8,end,True,70.2028,-248.4117,22.39192,80,0,0,1291.909,336.577,0.1058614
8,end,True,69.62318,-247.0529,21.46488,80,0,0,1292.136,335.0697,0.06902888
8,end,True,70.33504,-244.6355,20.47525,80,0,0,1292.383,332.7979,0.1754813
8,end,True,114.6123,-208.6813,271.2771,80,0,0,1292.62,412.3883,42.90403
8,end,True,115.8279,-204.8624,275.461,80,0,0,1292.881,412.8456,0.2778736
8,end,True,117.1175,-199.993,278.5565,80,0,0,1293.131,411.9542,0.2685276
8,end,True,119.1394,-199.7655,279.7484,80,0,0,1293.363,413.1854,0.1629337
8,end,True,119.3497,-201.0447,279.2856,80,0,0,1293.605,413.8006,0.1287481
8,end,True,118.68,-203.1413,276.615,80,0,0,1293.851,413.243,0.1212176
8,end,True,117.6017,-204.7654,276.9596,80,0,0,1294.081,414.2802,0.1612975
8,end,True,117.0231,-205.036,278.8639,80,0,0,1294.302,415.5779,0.1418163
8,end,True,117.0177,-205.8981,279.8806,80,0,0,1294.516,416.8501,0.05705763
8,end,True,146.2063,-212.5904,52.6131,80,0,0,1294.72,331.2907,0.2167916
8,end,True,147.0294,-212.2081,51.76641,80,0,0,1294.944,331.1842,0.1600943
8,end,True,146.9244,-212.356,52.96127,80,0,0,1295.165,331.4569,0.04317398
8,end,True,147.7422,-211.2119,51.89296,80,0,0,1295.389,330.6433,0.09507402
8,end,True,148.8602,-211.8974,50.84728,80,0,0,1295.623,331.5855,0.07834448
8,end,True,149.5775,-211.7508,50.79959,80,0,0,1295.845,331.7718,0.03171096
8,end,True,150.1624,-211.9401,51.854,80,0,0,1296.069,332.3651,0.0408146
8,end,True,149.6839,-211.21,52.0218,80,0,0,1296.292,331.534,0.1047954
8,end,True,149.4778,-209.0676,51.63335,80,0,0,1296.515,329.4991,0.1726688
8,end,True,149.1373,-208.4868,52.27429,80,0,0,1296.738,328.9364,0.05738982
8,end,True,149.1472,-207.9875,52.92522,80,0,0,1296.961,328.6073,0.01570353
8,end,True,148.9162,-208.0195,52.74488,80,0,0,1297.182,328.5016,0.01173579
8,end,True,148.8447,-208.314,53.13312,80,0,0,1297.406,328.7899,0.04299684
8,end,True,148.1604,-208.0064,53.14228,80,0,0,1297.641,328.2122,0.06675422
8,end,True,147.2189,-208.528,53.58966,80,0,0,1297.866,328.3194,0.06222931
8,end,True,147.0374,-208.4522,52.14244,80,0,0,1298.087,327.9382,0.07827766
8,end,True,148.1273,-207.3978,51.98853,80,0,0,1298.31,327.4782,0.09211041
8,end,True,147.9139,-208.0889,52.24308,80,0,0,1298.547,328.0291,0.03627021
8,end,True,148.1333,-208.1231,52.09042,80,0,0,1298.754,328.1338,0.02214763
8,end,True,147.7118,-208.0927,51.98132,80,0,0,1298.964,327.8997,0.05273708
8,end,True,146.1792,-207.5116,51.52447,80,0,0,1299.171,326.6283,0.1340934
8,end,True,146.1955,-207.0832,51.00264,80,0,0,1299.38,326.1766,0.06531139
8,end,True,145.8772,-207.086,50.46935,80,0,0,1299.589,325.9535,0.0437234
8,end,True,144.6971,-207.5925,49.53551,80,0,0,1299.798,325.7307,0.09206714
8,end,True,144.6972,-207.8803,48.59642,80,0,0,1300.007,325.8434,0.03712461
8,end,True,144.55,-208.0647,47.71809,80,0,0,1300.215,325.8112,0.0649522
8,end,True,145.7479,-206.555,47.58908,80,0,0,1300.425,324.9937,0.1203499
8,end,True,145.5809,-205.4823,46.00765,80,0,0,1300.633,323.7447,0.1083488
8,end,True,145.3049,-206.9659,42.7762,80,0,0,1300.842,324.4885,0.1753047
8,end,True,145.2703,-208.6438,39.93475,80,0,0,1301.053,325.5971,0.1373919
8,end,True,145.388,-210.0439,39.59018,80,0,0,1301.261,326.8494,0.05396659
8,end,True,145.8579,-211.2641,40.11885,80,0,0,1301.469,328.2054,0.05447456
8,end,True,145.7752,-212.1771,40.13544,80,0,0,1301.678,328.9814,0.04882028
8,end,True,146.0044,-212.5957,40.10896,80,0,0,1301.887,329.4515,0.01894464
8,end,True,145.8862,-212.2308,40.02425,80,0,0,1302.095,329.0646,0.02461157
8,end,True,145.7038,-211.4824,40.24762,80,0,0,1302.304,328.3465,0.05753324
8,end,True,145.4668,-210.4972,40.71912,80,0,0,1302.513,327.4252,0.0562353
8,end,True,145.4328,-209.5347,40.99511,80,0,0,1302.721,326.5909,0.04586064
8,end,True,145.5468,-209.185,41.22843,80,0,0,1302.931,326.3611,0.01307382
8,end,True,145.8145,-209.1128,41.52876,80,0,0,1303.14,326.4548,0.02401013
8,end,True,145.6541,-208.6996,41.60778,80,0,0,1303.349,326.0273,0.02196587
8,end,True,145.4579,-207.845,41.81615,80,0,0,1303.557,325.2097,0.05837186
8,end,True,145.2526,-207.4234,42.41745,80,0,0,1303.766,324.8227,0.0432874
8,end,True,145.7291,-206.4817,43.26212,80,0,0,1303.975,324.3152,0.1143641
8,end,True,145.5941,-206.2568,43.19011,80,0,0,1304.183,324.0463,0.05237943
8,end,True,145.767,-206.4642,42.84743,80,0,0,1304.392,324.2617,0.02913007
8,end,True,146.0718,-206.5838,42.61905,80,0,0,1304.601,324.4743,0.01838812
8,end,True,145.9996,-205.6271,43.09496,80,0,0,1304.81,323.6602,0.05108007
8,end,True,145.7076,-205.4348,43.24922,80,0,0,1305.019,323.3794,0.02719762
8,end,True,145.4066,-204.9578,43.41318,80,0,0,1305.228,322.8447,0.04682275
8,end,True,145.3461,-204.0817,43.45829,80,0,0,1305.438,322.0505,0.04352945
8,end,True,145.0239,-203.54,43.54438,80,0,0,1305.647,321.4389,0.03664028
8,end,True,144.8301,-203.8167,42.76883,80,0,0,1305.854,321.4916,0.05013365
8,end,True,144.862,-204.4184,42.35107,80,0,0,1306.063,321.9821,0.04053615
8,end,True,144.8714,-205.3084,41.74038,80,0,0,1306.272,322.6931,0.05959017
8,end,True,145.0995,-206.3574,41.20499,80,0,0,1306.481,323.6545,0.06028196
8,end,True,145.2373,-207.2937,41.22366,80,0,0,1306.69,324.5473,0.05943732
8,end,True,146.0642,-208.0276,41.25837,80,0,0,1306.898,325.5716,0.07234024
8,end,True,145.9512,-208.8829,41.23527,80,0,0,1307.108,326.2751,0.06682199
8,end,True,145.3259,-209.0186,40.81966,80,0,0,1307.316,326.0638,0.05461855
8,end,True,144.9834,-209.3251,40.26505,80,0,0,1307.525,326.1142,0.06725881
8,end,True,146.1788,-211.5068,39.17693,80,0,0,1307.737,328.4498,0.124265
8,end,True,147.4075,-212.1475,37.72687,80,0,0,1307.943,329.3971,0.1254843
8,end,True,147.5902,-212.4278,37.05098,80,0,0,1308.152,329.6508,0.07495867
8,end,True,147.9454,-213.4249,38.87864,80,0,0,1308.361,330.9042,0.1560339
8,end,True,147.1833,-213.2363,41.10583,80,0,0,1308.585,330.6662,0.09836782
8,end,True,146.9429,-213.4129,42.24364,80,0,0,1308.821,330.8592,0.06041073
8,end,True,146.9037,-213.4894,43.13151,80,0,0,1309.044,331.0242,0.04152131
8,end,True,147.1893,-213.6909,43.1173,80,0,0,1309.268,331.3278,0.02445282
8,end,True,147.7866,-215.4123,41.04968,80,0,0,1309.505,332.8579,0.2084805
8,end,True,147.9184,-217.8188,39.8611,80,0,0,1309.73,334.9102,0.07461631
8,end,True,147.4033,-216.4412,40.51825,80,0,0,1309.956,333.5369,0.1315552
8,end,True,147.1079,-215.1187,41.29764,80,0,0,1310.175,332.327,0.08675625
8,end,True,147.0027,-213.7966,42.61523,80,0,0,1310.398,331.2738,0.1415194
8,end,True,147.0833,-213.1141,44.98924,80,0,0,1310.672,331.0188,0.1079492
8,end,True,147.6651,-213.7372,46.50227,80,0,0,1310.88,332.0376,0.07923271
8,end,True,147.4994,-214.2914,46.96027,80,0,0,1311.089,332.5188,0.03961966
8,end,True,147.546,-215.215,47.09889,80,0,0,1311.298,333.3766,0.05285269
8,end,True,147.6351,-215.7582,46.2165,80,0,0,1311.507,333.7739,0.1047695
8,end,True,147.1971,-216.3931,43.54895,80,0,0,1311.715,333.7849,0.1330176
8,end,True,146.1852,-218.7748,41.71215,80,0,0,1311.916,335.2259,0.1404843
8,end,True,144.6624,-222.4351,41.01831,80,0,0,1312.139,337.7524,0.1897933
8,end,True,143.6439,-224.4068,38.95391,80,0,0,1312.371,338.8428,0.130063
8,end,True,142.9679,-224.9501,35.51442,80,0,0,1312.596,338.6674,0.1687906
8,end,True,142.2086,-227.2646,32.56909,80,0,0,1312.818,340.1405,0.1730496
8,end,True,142.5286,-229.1347,30.19418,80,0,0,1313.015,341.746,0.1172903
8,end,True,142.8334,-229.4182,27.6394,80,0,0,1313.225,341.9137,0.117234
8,end,True,144.2638,-226.4832,25.12785,80,0,0,1313.46,339.6696,0.290466
8,end,True,145.2526,-220.978,25.7732,80,0,0,1313.679,335.187,0.2973023
8,end,True,146.1741,-215.5341,31.25995,80,0,0,1313.897,331.1865,0.3816991
8,end,True,147.1705,-211.3532,37.50307,80,0,0,1314.116,328.561,0.3367112
8,end,True,146.6991,-208.812,43.63667,80,0,0,1314.338,326.8595,0.3064767
8,end,True,146.7334,-208.9118,48.11255,80,0,0,1314.584,327.5906,0.1759189
8,end,True,146.931,-209.7242,48.2818,80,0,0,1314.792,328.4204,0.09977753
8,end,True,148.7098,-210.4846,45.74839,80,0,0,1315.001,329.5281,0.124711
8,end,True,147.9025,-209.1929,42.94199,80,0,0,1315.21,327.6457,0.1313159
8,end,True,147.9691,-208.7828,40.56405,80,0,0,1315.419,327.0103,0.1179012
8,end,True,147.9668,-209.6321,39.27702,80,0,0,1315.628,327.6028,0.0521342
8,end,True,147.4993,-209.7396,38.74937,80,0,0,1315.824,327.4242,0.06230298
8,end,True,145.7686,-210.8364,39.32938,80,0,0,1316.089,327.6906,0.0545968
8,end,True,145.5499,-210.2551,40.41296,80,0,0,1316.34,327.2094,0.03505497
8,end,True,145.4358,-210.2195,40.93639,80,0,0,1316.604,327.1922,0.03783039
8,end,True,145.174,-209.646,41.89753,80,0,0,1316.842,326.689,0.0718121
8,end,True,144.6937,-209.0397,43.92978,80,0,0,1317.118,326.2055,0.04203733
8,end,True,145.2505,-208.586,44.21705,80,0,0,1317.327,326.0901,0.06749535
8,end,True,145.922,-208.0178,43.86412,80,0,0,1317.535,325.8397,0.03124781
8,end,True,147.6958,-205.5219,42.77381,80,0,0,1317.744,324.2937,0.2003532
8,end,True,147.3134,-205.1532,42.27409,80,0,0,1317.953,323.7293,0.006556429
8,end,True,147.3751,-205.8659,42.28586,80,0,0,1318.161,324.3868,0.05023891
8,end,True,147.3447,-206.0764,42.81908,80,0,0,1318.37,324.6285,0.05290062
8,end,True,147.1716,-205.1107,43.47719,80,0,0,1318.579,323.7867,0.06035853
8,end,True,146.5467,-204.0534,43.30293,80,0,0,1318.788,322.5483,0.06734532
8,end,True,147.4533,-204.1307,43.3042,80,0,0,1318.998,323.0294,0.0190149
8,end,True,147.5971,-204.5649,43.42271,80,0,0,1319.206,323.4929,0.02309568
8,end,True,147.5725,-204.3422,43.83604,80,0,0,1319.414,323.3415,0.02022808
8,end,True,147.375,-203.7373,44.33453,80,0,0,1319.623,322.7875,0.05609655
8,end,True,147.1534,-203.575,44.78463,80,0,0,1319.832,322.6058,0.02240178
8,end,True,147.0649,-203.7188,44.60887,80,0,0,1320.041,322.6676,0.02229968
8,end,True,147.1324,-204.2223,44.6161,80,0,0,1320.25,323.1422,0.02465365
8,end,True,147.7874,-204.63,45.48919,80,0,0,1320.459,323.9207,0.06265204
8,end,True,147.6518,-205.5779,45.38888,80,0,0,1320.668,324.6782,0.0488018
8,end,True,147.628,-206.1021,45.22395,80,0,0,1320.876,325.1056,0.02826139
8,end,True,147.2291,-205.5046,45.08988,80,0,0,1321.085,324.3799,0.04107551
8,end,True,147.2485,-205.2713,45.02136,80,0,0,1321.294,324.174,0.0235981
8,end,True,147.0874,-205.0418,45.02968,80,0,0,1321.502,323.9,0.02832512
8,end,True,147.1236,-205.2312,45.16589,80,0,0,1321.712,324.1021,0.0107464
8,end,True,147.2693,-205.3037,45.17826,80,0,0,1321.92,324.2338,0.0128747
8,end,True,147.5563,-205.7986,44.93112,80,0,0,1322.129,324.7653,0.03696587
8,end,True,147.7643,-205.8308,44.81749,80,0,0,1322.339,324.8725,0.04790643
8,end,True,148.3155,-206.4239,44.21043,80,0,0,1322.548,325.5621,0.06756409
8,end,True,148.1975,-207.8236,42.92694,80,0,0,1322.756,326.5695,0.123122
8,end,True,148.4981,-208.0398,41.03436,80,0,0,1322.965,326.6534,0.1307373
8,end,True,147.6003,-209.1542,40.07267,80,0,0,1323.174,327.1113,0.0845749
8,end,True,147.2993,-210.4846,39.79758,80,0,0,1323.382,328.1192,0.07963382
8,end,True,147.5233,-210.8833,41.06864,80,0,0,1323.591,328.7291,0.07911565
8,end,True,147.5835,-209.8488,42.16184,80,0,0,1323.8,327.9799,0.09536488
8,end,True,147.3295,-208.4664,43.11563,80,0,0,1324.009,326.7687,0.085962
8,end,True,146.9402,-206.7662,43.59936,80,0,0,1324.218,325.1572,0.07535667
8,end,True,146.0995,-204.4875,43.18384,80,0,0,1324.427,322.712,0.1119886
8,end,True,145.9264,-202.672,43.77588,80,0,0,1324.636,321.1141,0.09811892
8,end,True,145.602,-201.8508,45.32315,80,0,0,1324.846,320.459,0.0894739
8,end,True,143.4079,-200.9857,47.97949,80,0,0,1325.053,319.0938,0.2239272
8,end,True,140.8739,-198.0347,49.70648,80,0,0,1325.262,315.6255,0.1846208
8,end,True,138.6295,-194.706,50.34706,80,0,0,1325.517,311.7953,0.1552721
8,end,True,139.7734,-193.4822,49.80442,80,0,0,1325.743,311.1424,0.2127943
8,end,True,146.0112,-197.6876,47.86021,80,0,0,1325.976,317.3646,0.3997326
8,end,True,146.9077,-201.2477,45.50535,80,0,0,1326.182,320.5509,0.1524435
8,end,True,147.3116,-202.2914,43.40073,80,0,0,1326.39,321.3608,0.1152843
8,end,True,147.4604,-202.327,42.50263,80,0,0,1326.598,321.3403,0.01253291
8,end,True,147.6033,-202.3362,42.18537,80,0,0,1326.807,321.3721,0.03758942
8,end,True,147.6276,-202.5947,41.6227,80,0,0,1327.016,321.5372,0.03435265
8,end,True,147.618,-202.7325,41.34211,80,0,0,1327.225,321.6176,0.01734347
8,end,True,147.3417,-202.6896,40.93737,80,0,0,1327.434,321.4014,0.03948887
8,end,True,146.9363,-202.5709,40.10724,80,0,0,1327.643,321.0065,0.03898013
8,end,True,146.9006,-202.4912,39.85757,80,0,0,1327.853,320.8889,0.005539523
8,end,True,146.8258,-202.4371,39.97223,80,0,0,1328.061,320.8213,0.01585737
8,end,True,146.7263,-202.2871,40.37825,80,0,0,1328.299,320.6946,0.01100599
8,end,True,146.6812,-202.0442,40.77701,80,0,0.2469464,1328.52,320.3977,0.03977202
8,end,True,146.894,-202.2923,41.27332,80,0,17.17976,1328.743,313.3979,0.02382633
8,Below_Eyes,True,147.0824,-202.8184,41.89402,80,0,50.51332,1328.965,301.773,0.04096024
8,Below_Eyes,True,147.3783,-203.5708,42.80845,80,0,85.80492,1329.19,293.3193,0.05498284
8,Below_Eyes,True,147.3904,-203.9052,43.49689,80,0,107.9441,1329.413,289.914,0.03505713
8,Below_Eyes,True,147.5971,-204.0009,44.36766,80,0,110,1329.636,289.894,0.04598448
8,Below_Eyes,True,147.7083,-204.234,45.31281,80,0,110,1329.858,290.2828,0.04726223
8,Below_Eyes,True,147.6377,-204.5685,45.96991,80,0,110,1330.081,290.7044,0.0203883
8,Below_Eyes,True,147.7412,-204.7246,46.35608,80,0,110,1330.306,290.932,0.01973874
8,Below_Eyes,True,147.7189,-204.5751,47.15132,80,0,110,1330.527,290.9105,0.04674725
8,Below_Eyes,True,147.6801,-204.2096,48.5974,80,0,110,1330.75,290.7862,0.07421232
8,Below_Eyes,True,147.4472,-203.6876,49.87747,80,0,110,1330.973,290.4629,0.04866555
8,Below_Eyes,True,147.5417,-203.346,50.44188,80,0,110,1331.196,290.2391,0.02682139
8,Below_Eyes,True,147.6448,-203.1018,50.52208,80,0,110,1331.419,290.028,0.01532522
8,Below_Eyes,True,147.3729,-203.1644,50.79276,80,0,110,1331.653,290.1012,0.02236889
8,Below_Eyes,True,147.3701,-203.5293,50.6859,80,0,110,1331.861,290.4384,0.0260297
8,Below_Eyes,True,147.4407,-204.0806,50.41394,80,0,110,1332.07,290.9384,0.02232666
8,Below_Eyes,True,147.5329,-204.2495,50.32935,80,0,110,1332.278,291.1006,0.007379684
8,Below_Eyes,True,147.4852,-203.7553,50.4903,80,0,110,1332.488,290.6398,0.04146141
8,Below_Eyes,True,147.261,-202.941,50.8892,80,0,110,1332.696,289.8857,0.05066763
8,Below_Eyes,True,147.991,-201.8064,50.79901,80,0,110,1332.905,288.8576,0.09391119
8,Below_Eyes,True,148.3638,-199.7046,49.90122,80,0,110,1333.114,286.6995,0.1252509
8,Below_Eyes,True,147.9877,-196.5964,48.02198,80,0,110,1333.323,283.2927,0.204855
8,Below_Eyes,True,148.5412,-192.7746,45.57392,80,0,110,1333.532,279.2282,0.2470435
8,Below_Eyes,True,148.3148,-189.0198,42.8404,80,0,110,1333.741,275.0909,0.227483
8,Below_Eyes,True,147.3489,-185.7657,40.8358,80,0,110,1333.95,271.4662,0.1494271
8,Below_Eyes,True,147.6362,-183.2222,40.80834,80,0,110,1334.158,269.0125,0.1211709
8,Below_Eyes,True,147.5803,-179.9895,41.68204,80,0,110,1334.37,265.9778,0.1556654
8,Below_Eyes,True,148.0027,-176.8468,43.84116,80,0,110,1334.576,263.3184,0.1932469
8,Below_Eyes,True,147.2654,-173.9264,47.83861,80,0,110,1334.83,261.0667,0.1474427
8,Below_Eyes,True,146.9403,-172.3782,50.52393,80,0,110,1335.053,260.0231,0.1141924
8,Below_Eyes,True,147.3531,-171.7664,51.82238,80,0,110,1335.277,259.7444,0.03470951
8,Below_Eyes,True,147.7658,-171.9144,51.65243,80,0,110,1335.501,259.9136,0.07061148
8,Below_Eyes,True,147.8351,-172.4302,49.90854,80,0,110,1335.748,260.0834,0.0914239
8,Below_Eyes,True,147.5849,-174.1823,47.4354,80,0,110,1335.974,261.288,0.1448461
8,Below_Eyes,True,147.0966,-175.8883,46.4612,80,0,110,1336.199,262.7044,0.09212828
8,Below_Eyes,True,147.054,-176.6197,45.83406,80,0,110,1336.422,263.301,0.04913273
8,Below_Eyes,True,146.9138,-177.1074,45.14505,80,0,110,1336.645,263.6379,0.03286922
8,Below_Eyes,True,147.0702,-177.7258,44.93458,80,0,110,1336.866,264.227,0.02252606
8,Below_Eyes,True,147.1921,-178.1593,45.07227,80,0,110,1337.093,264.6903,0.02701441
8,Below_Eyes,True,146.9358,-178.1337,45.61538,80,0,110,1337.316,264.7226,0.01781409
8,Below_Eyes,True,146.7607,-177.9347,45.84858,80,0,110,1337.54,264.5445,0.02657118
8,Below_Eyes,True,146.8246,-176.8324,45.73974,80,0,110,1337.761,263.4598,0.04367164
8,Below_Eyes,True,147.3174,-174.5749,46.20497,80,0,110,1337.981,261.4113,0.1292863
8,Below_Eyes,True,147.5071,-172.8362,47.84932,80,0,110,1338.204,260.0432,0.09739219
8,Below_Eyes,True,147.6276,-172.8872,47.76971,80,0,110,1338.425,260.0956,0.09258023
8,Below_Eyes,True,147.1429,-174.9883,44.31577,80,0,110,1338.647,261.4622,0.2418431
8,Below_Eyes,True,146.8613,-181.5272,43.46322,80,0,110,1338.873,267.6645,0.3458049
8,Below_Eyes,True,145.549,-186.8179,44.63815,80,0,110,1339.079,272.8518,0.2469441
8,Below_Eyes,True,144.1805,-190.8066,45.49817,80,0,110,1339.292,276.7212,0.118829
8,Below_Eyes,True,144.1985,-191.1198,45.78771,80,0,110,1339.503,277.0776,0.06415024
8,Below_Eyes,True,144.4407,-188.6567,45.09522,80,0,110,1339.711,274.5836,0.1302626
8,Below_Eyes,True,143.9753,-186.6537,43.86327,80,0,110,1339.919,272.3647,0.0978438
8,Below_Eyes,True,143.5268,-185.1908,43.29075,80,0,110,1340.128,270.7846,0.06359681
8,Below_Eyes,True,143.3579,-184.2995,43.0197,80,0,110,1340.334,269.8475,0.03973433
8,Below_Eyes,True,143.4914,-183.7873,42.92366,80,0,110,1340.544,269.3471,0.02306721
8,Below_Eyes,True,143.5543,-183.4292,42.68157,80,0,110,1340.755,268.9657,0.02899883
8,Below_Eyes,True,143.7205,-182.7033,42.58406,80,0,110,1340.963,268.2601,0.04058761
8,Below_Eyes,True,143.6526,-182.1609,42.4643,80,0,110,1341.171,267.7014,0.03063776
8,Below_Eyes,True,143.688,-181.0673,41.87514,80,0,110,1341.38,266.5418,0.07297085
8,Below_Eyes,True,143.9606,-179.8094,39.99414,80,0,110,1341.587,265.0543,0.1578443
8,Below_Eyes,True,144.4129,-179.6849,38.25628,80,0,110,1341.793,264.7339,0.1047153
8,Below_Eyes,True,143.2607,-185.657,38.65201,80,0,110,1342.042,270.5068,0.222213
8,Below_Eyes,True,142.7979,-189.9146,39.37106,80,0,110,1342.268,274.7356,0.1533169
8,Below_Eyes,True,142.66,-192.8677,38.76776,80,0,110,1342.479,277.5363,0.1508992
8,Below_Eyes,True,142.4978,-195.1152,37.59253,80,0,110,1342.687,279.567,0.1117221
8,Below_Eyes,True,142.875,-195.3623,34.97679,80,0,110,1342.897,279.5148,0.1642589
8,Below_Eyes,True,143.7532,-193.1026,32.09509,80,0,110,1343.103,277.0458,0.3108487
8,Below_Eyes,True,146.0057,-183.7684,30.75608,80,0,110,1343.357,267.9853,0.4434612
8,Below_Eyes,True,147.2492,-176.6824,35.66996,80,0,110,1343.576,261.8124,0.3654558
8,Below_Eyes,True,147.8323,-170.7727,41.75708,80,0,110,1343.822,257.0251,0.3473996
8,Below_Eyes,True,148.0175,-164.9748,47.50759,80,0,110,1344.03,252.4182,0.4172945
8,Below_Eyes,True,147.8566,-158.1222,53.66302,80,0,110,1344.239,247.0122,0.4531263
8,Below_Eyes,True,149.072,-148.0979,56.28531,80,0,110,1344.491,238.1666,0.3564695
8,Below_Eyes,True,147.6816,-139.0781,55.60432,80,0,110,1344.728,229.144,0.2459108
8,Below_Eyes,True,148.4661,-128.2584,56.08227,80,0,110,1344.979,219.0808,0.58644
8,Below_Eyes,True,146.9406,-116.1181,61.39622,80,0,110,1345.23,208.7975,0.500074
8,Below_Eyes,True,147.7534,-102.331,70.43988,80,0,110,1345.453,199.0771,0.8222971
8,Below_Eyes,True,147.9874,-88.45486,77.98398,80,0,110,1345.679,189.4771,0.6670399
8,Below_Eyes,True,146.1849,-73.90754,82.18839,80,0,110,1345.904,178.1904,0.7120377
8,Below_Eyes,True,148.0568,-55.66681,83.51115,80,0,110,1346.126,163.7923,0.8820825
8,Below_Eyes,True,149.094,-38.41803,87.44952,80,0,110,1346.351,152.3108,0.7951437
8,Below_Eyes,True,147.1739,-22.30616,93.59139,80,0,110,1346.575,143.5542,0.9387601
8,Below_Eyes,True,148.2882,-4.285359,103.0715,80,0,110,1346.798,138.5415,0.9778323
8,Below_Eyes,True,149.439,12.89675,109.6102,80,0,110,1347.022,134.4347,0.8283654
8,Below_Eyes,True,147.3214,31.08127,112.1135,80,0,110,1347.247,127.8881,0.8277173
8,Below_Eyes,True,148.921,52.43676,110.8836,80,0,110,1347.471,120.7052,0.9442699
8,Below_Eyes,True,149.4672,72.74587,111.1154,80,0,110,1347.696,118.1394,0.8765256
8,Below_Eyes,True,146.1413,93.14806,112.3889,80,0,110,1347.92,118.7869,1.001516
8,Below_Eyes,True,147.726,116.7016,114.3496,80,0,110,1348.144,125.8813,0.9989418
8,Below_Eyes,True,148.6261,134.3006,113.3559,80,0,110,1348.339,131.4917,0.8674031
8,Below_Eyes,True,145.5189,153.7668,110.1879,80,0,110,1348.55,137.2753,0.9579297
8,Below_Eyes,True,147.0925,174.2418,104.934,80,0,110,1348.759,145.8373,0.9178962
8,Below_Eyes,True,147.8911,192.8447,101.6382,80,0,110,1348.969,156.5247,0.8225377
8,Below_Eyes,True,145.8132,210.9771,99.70415,80,0,110,1349.179,168.4592,0.9282256
8,Below_Eyes,True,147.7702,230.6048,98.44312,80,0,110,1349.389,183.8463,0.851606
8,Below_Eyes,True,148.4104,247.0098,95.25727,80,0,110,1349.601,196.0653,0.7648723
8,Below_Eyes,True,146.4773,262.3829,89.25069,80,0,110,1349.813,206.3003,0.8123731
8,Below_Eyes,True,148.0004,278.6144,80.48905,80,0,110,1350.022,217.647,0.9027482
8,Below_Eyes,True,148.4343,293.8785,74.05375,80,0,110,1350.234,229.5761,0.7367682
8,Below_Eyes,True,146.5341,308.082,68.74059,80,0,110,1350.441,241.0008,0.8031526
8,Below_Eyes,True,147.3866,323.0239,64.07498,80,0,110,1350.651,254.0944,0.7515054
8,Below_Eyes,True,148.1947,334.6612,58.96495,80,0,110,1350.861,264.1743,0.5444321
8,Below_Eyes,True,147.8267,342.1463,52.91875,80,0,110,1351.069,270.0962,0.4563126
8,Below_Eyes,True,147.8316,347.9015,45.38697,80,0,110,1351.266,274.34,0.5485154
8,Below_Eyes,True,148.4677,353.3195,38.80633,80,0,110,1351.49,278.7279,0.2975672
8,Below_Eyes,True,148.149,355.5883,35.62487,80,0,110,1351.713,280.4878,0.125931
8,Below_Eyes,True,147.7519,356.0565,34.48928,80,0,110,1351.936,280.7524,0.06128236
8,Below_Eyes,True,147.867,354.6762,33.69192,80,0,110,1352.158,279.3136,0.07729647
8,Below_Eyes,True,147.6755,353.4193,32.79031,80,0,110,1352.381,277.9438,0.05173524
8,Below_Eyes,True,147.6905,352.8126,32.19403,80,0,110,1352.604,277.2791,0.02318573
8,Below_Eyes,True,147.7053,352.8042,31.56055,80,0,110,1352.827,277.2001,0.04137897
8,Below_Eyes,True,147.6819,352.3491,30.5343,80,0,110,1353.049,276.6339,0.05389838
8,Below_Eyes,True,147.7597,351.2881,29.93888,80,0,110,1353.272,275.5347,0.07440034
8,Below_Eyes,True,149.1086,349.304,30.60588,80,0,110,1353.507,273.8445,0.2094303
8,Below_Eyes,True,149.3571,346.64,31.13688,80,0,110,1353.729,271.3215,0.09864347
8,Below_Eyes,True,148.9394,345.6944,31.42318,80,0,110,1353.939,270.365,0.05428636
8,Below_Eyes,True,149.6448,345.2839,35.1188,80,0,110,1354.145,270.5191,0.2976862
8,Below_Eyes,True,149.3153,341.1359,41.10335,80,0,110,1354.35,267.2585,0.3394139
8,Below_Eyes,True,149.203,337.1091,46.92205,80,0,110,1354.554,264.2795,0.3912962
8,Below_Eyes,True,148.8182,331.9862,54.18113,80,0,110,1354.761,260.652,0.44608
8,Below_Eyes,True,148.5325,328.6382,62.70589,80,0,110,1354.973,259.3024,0.4273166
8,Below_Eyes,True,148.0758,329.1221,72.72843,80,0,110,1355.179,262.2995,0.5391623
8,Below_Eyes,True,145.8766,333.591,84.58418,80,0,110,1355.389,269.7221,0.7181716
8,Below_Eyes,True,148.2639,339.4083,98.70332,80,0,110,1355.599,280.1769,0.6447169
8,Below_Eyes,True,149.9191,342.43,109.4769,80,0,110,1355.809,287.138,0.4414332
8,Below_Eyes,True,149.859,341.99,116.8237,80,0,110,1356.019,289.6123,0.3557793
8,Below_Eyes,True,149.5817,339.1808,124.4256,80,0,110,1356.229,290.2122,0.3720343
8,Below_Eyes,True,150.0191,339.9755,130.4575,80,0,110,1356.438,293.6119,0.2158587
8,Below_Eyes,True,149.5529,342.5758,132.852,80,0,110,1356.648,296.9177,0.1719805
8,Below_Eyes,True,149.5415,345.3421,133.6585,80,0,110,1356.857,299.7242,0.1293777
8,Below_Eyes,True,149.2572,347.5529,133.8436,80,0,110,1357.065,301.728,0.07997666
8,Below_Eyes,True,149.1317,348.498,133.5853,80,0,110,1357.276,302.4359,0.0342988
8,Below_Eyes,True,149.1567,348.9995,134.0479,80,0,110,1357.483,303.0888,0.06070943
8,Below_Eyes,True,149.2382,348.6064,135.6672,80,0,110,1357.692,303.4709,0.1631288
8,Below_Eyes,True,148.7894,343.6805,139.6274,80,0,110,1357.898,300.8785,0.5006063
8,Below_Eyes,True,147.4257,332.3384,140.7574,80,0,110,1358.108,291.3555,0.5946295
8,Below_Eyes,True,146.9228,316.1501,138.4656,80,0,110,1358.36,276.2298,0.6198559
8,Below_Eyes,True,147.3845,306.171,137.7914,80,0,110,1358.564,267.4647,0.4763215
8,Below_Eyes,True,146.8613,295.0788,139.7782,80,0,110,1358.787,259.144,0.6277319
8,Below_Eyes,True,147.598,280.6151,145.0304,80,0,110,1359.036,250.3874,0.677171
8,Below_Eyes,True,147.8961,267.0335,147.571,80,0,110,1359.287,241.2361,0.5494999
8,Below_Eyes,True,146.6563,253.3032,146.1664,80,0,110,1359.537,229.6569,0.5668316
8,Below_Eyes,True,147.9838,237.0829,141.0001,80,0,110,1359.788,214.4734,0.7251783
8,Below_Eyes,True,148.7326,223.284,137.4819,80,0,110,1359.997,202.316,0.6782455
8,Below_Eyes,True,147.469,207.8878,135.3959,80,0,110,1360.206,189.977,0.8061728
8,Below_Eyes,True,147.7709,189.2722,136.146,80,0,110,1360.414,178.6136,0.9199223
8,Below_Eyes,True,149.1097,170.3157,136.1251,80,0,110,1360.624,167.9778,0.8779261
8,Below_Eyes,True,146.9661,152.1623,132.8052,80,0,110,1360.832,155.5992,0.9751084
8,Below_Eyes,True,146.1179,131.2342,125.7514,80,0,110,1361.041,140.5093,1.108058
8,Below_Eyes,True,149.3388,110.2012,118.7982,80,0,110,1361.25,128.7349,1.072439
8,Below_Eyes,True,147.6867,90.06979,114.4593,80,0,110,1361.458,120.924,1.013412
8,Below_Eyes,True,148.0828,67.3662,110.6096,80,0,110,1361.669,117.6622,1.175104
8,Below_Eyes,True,149.8563,43.91005,104.179,80,0,110,1361.91,117.236,0.9530007
8,Below_Eyes,True,146.3877,23.69978,92.69525,80,0,110,1362.136,114.3949,1.126325
8,Below_Eyes,True,148.911,2.037716,77.43734,80,0,110,1362.359,116.5707,1.129444
8,Below_Eyes,True,149.0828,-17.81402,66.20165,80,0,110,1362.585,124.4094,0.9961808
8,Below_Eyes,True,145.8529,-39.21611,55.71777,80,0,110,1362.809,136.3905,1.095189
8,Below_Eyes,True,148.5943,-60.03587,44.00495,80,0,110,1363.033,151.7762,0.9818816
8,Below_Eyes,True,146.5126,-76.12585,29.94261,80,0,110,1363.256,163.1104,1.028455
8,Below_Eyes,True,147.5507,-91.66335,10.71556,80,0,110,1363.48,176.0488,1.191209
8,Below_Eyes,True,148.5203,-106.1101,-6.477046,80,0,110,1363.703,190.1651,0.9495919
8,Below_Eyes,True,146.2247,-120.9916,-22.15426,80,0,110,1363.928,205.428,1.006404
8,Below_Eyes,True,148.0131,-138.0758,-37.14562,80,0,110,1364.15,224.459,0.8997968
8,Below_Eyes,True,148.3904,-151.3628,-52.60086,80,0,110,1364.375,240.3527,0.8832538
8,Below_Eyes,True,145.2815,-164.1846,-69.98035,80,0,110,1364.597,256.4531,1.002263
8,Below_Eyes,True,147.333,-174.6724,-84.2981,80,0,110,1364.795,270.8468,0.6397653
8,Below_Eyes,True,146.7189,-185.9828,-95.58665,80,0,110,1365.007,285.0122,0.7087916
8,Below_Eyes,True,145.8875,-198.0898,-104.5569,80,0,110,1365.216,299.2557,0.7730385
8,Below_Eyes,True,144.7168,-208.1335,-113.4259,80,0,110,1365.426,311.5952,0.5640777
8,Below_Eyes,True,142.6787,-212.9033,-120.0084,80,0,110,1365.634,318.2173,0.3367015
8,Below_Eyes,True,140.0062,-216.4734,-124.2649,80,0,110,1365.846,322.86,0.2761792
8,Below_Eyes,True,137.8221,-220.0451,-126.8435,80,0,110,1366.051,326.9409,0.2090643
8,Below_Eyes,True,136.4729,-222.3005,-127.635,80,0,110,1366.261,329.2068,0.09000483
8,Below_Eyes,True,136.4159,-223.1764,-127.7694,80,0,110,1366.47,330.0587,0.03324984
8,Below_Eyes,True,136.5134,-223.4783,-127.6369,80,0,110,1366.68,330.2927,0.01820667
8,Below_Eyes,True,136.9182,-223.8251,-127.1085,80,0,110,1366.889,330.4404,0.06161218
8,Below_Eyes,True,138.2562,-223.5973,-124.6981,80,0,110,1367.097,329.4228,0.2059215
8,Below_Eyes,True,140.1478,-220.2424,-121.3935,80,0,110,1367.305,325.255,0.2893651
8,Below_Eyes,True,140.8565,-213.6375,-118.8129,80,0,110,1367.512,318.2635,0.4297485
8,Below_Eyes,True,141.6941,-206.2176,-117.9306,80,0,110,1367.724,311.1794,0.3648996
8,Below_Eyes,True,142.0757,-200.8156,-117.739,80,0,110,1367.934,306.1841,0.1946093
8,Below_Eyes,True,142.5838,-197.4858,-117.6187,80,0,110,1368.145,303.1406,0.1302348
8,Below_Eyes,True,143.1954,-196.0225,-117.8637,80,0,110,1368.351,301.9639,0.05523445
8,Below_Eyes,True,144.256,-196.2306,-117.4333,80,0,110,1368.557,302.1049,0.06863231
8,Below_Eyes,True,145.3096,-196.501,-113.5922,80,0,110,1368.763,301.0029,0.2571777
8,Below_Eyes,True,146.1926,-194.6843,-103.1522,80,0,110,1369.034,295.6378,0.459622
8,Below_Eyes,True,146.9473,-193.4015,-92.68977,80,0,110,1369.252,291.041,0.5018107
8,Below_Eyes,True,146.6329,-192.7166,-82.06359,80,0,110,1369.471,287.1423,0.4511288
8,Below_Eyes,True,146.4746,-193.4832,-72.69857,80,0,110,1369.708,285.3218,0.3567909
8,Below_Eyes,True,145.8,-195.0752,-64.20892,80,0,110,1369.931,284.7294,0.4057995
8,Below_Eyes,True,144.9866,-199.0647,-53.49674,80,0,110,1370.153,286.2919,0.5829638
8,Below_Eyes,True,147.1293,-204.4319,-40.136,80,0,110,1370.376,289.6394,0.7130131
8,Below_Eyes,True,147.747,-205.4265,-26.80706,80,0,110,1370.622,289.157,0.5181394
8,Below_Eyes,True,145.5513,-202.2598,-14.36569,80,0,110,1370.846,284.8523,0.6535001
8,Below_Eyes,True,147.8445,-197.1969,-0.6088853,80,0,110,1371.067,279.769,0.602666
8,Below_Eyes,True,147.9562,-193.5697,11.66414,80,0,110,1371.29,276.4364,0.5089034
8,Below_Eyes,True,147.429,-192.0449,23.2073,80,0,110,1371.51,275.5865,0.5127341
8,Below_Eyes,True,147.9716,-191.681,37.50197,80,0,110,1371.753,276.8733,0.5450477
8,Below_Eyes,True,149.9835,-192.4147,48.02942,80,0,110,1372.002,279.4911,0.3135295
8,Below_Eyes,True,150.9371,-193.4312,51.73239,80,0,110,1372.208,281.2769,0.104505
8,Below_Eyes,True,151.137,-193.7838,52.19256,80,0,110,1372.417,281.7337,0.0458142
8,Below_Eyes,True,151.1583,-194.6012,51.00858,80,0,110,1372.626,282.3149,0.08675352
8,Below_Eyes,True,151.1116,-194.6652,48.25634,80,0,110,1372.835,281.8862,0.1378223
8,Below_Eyes,True,150.5829,-193.8617,46.46079,80,0,110,1373.043,280.7238,0.08189537
8,Below_Eyes,True,151.193,-193.3217,46.58215,80,0,110,1373.255,280.3061,0.07500403
8,Below_Eyes,True,151.6452,-192.574,49.06885,80,0,110,1373.462,280.069,0.2008346
8,Below_Eyes,True,151.7647,-191.6149,53.83312,80,0,110,1373.67,280.0303,0.226752
8,Below_Eyes,True,151.4565,-190.2897,58.43787,80,0,110,1373.879,279.625,0.2241662
8,Below_Eyes,True,150.9526,-188.8088,61.18111,80,0,110,1374.088,278.7085,0.1178549
8,Below_Eyes,True,150.856,-188.7445,61.90502,80,0,110,1374.297,278.7921,0.03355956
8,Below_Eyes,True,151.1451,-189.2183,60.80789,80,0,110,1374.507,279.0501,0.1004159
8,Below_Eyes,True,151.2568,-190.2443,59.42566,80,0,110,1374.716,279.7597,0.09057891
8,Below_Eyes,True,151.0911,-190.7971,58.39199,80,0,110,1374.914,280.0521,0.04792896
8,Below_Eyes,True,150.8923,-191.4808,57.5529,80,0,110,1375.138,280.5108,0.0585828
8,Below_Eyes,True,150.8767,-192.131,57.30187,80,0,108.5257,1375.363,281.3048,0.01903657
8,end,True,150.8043,-192.3541,57.02309,80,0,85.78214,1375.584,285.7556,0.02314568
8,end,True,150.6355,-192.1912,57.1304,80,0,54.61308,1375.807,294.2316,0.02082307
8,end,True,150.3583,-191.9332,57.24508,80,0,23.68515,1376.03,305.4026,0.01604677
8,end,True,149.5394,-192.1683,57.2906,80,0,3.048944,1376.252,314.3521,0.05293908
8,end,True,149.2438,-191.7615,57.56049,80,0,0,1376.475,315.343,0.04744818
8,end,True,149.0704,-191.5102,57.69781,80,0,0,1376.698,315.0695,0.0195257
8,end,True,149.0768,-191.4379,57.87734,80,0,0,1376.921,315.0432,0.01563325
8,end,True,149.1055,-191.8662,57.96115,80,0,0,1377.143,315.4413,0.02660504
8,end,True,148.9391,-192.3541,57.89203,80,0,0,1377.366,315.7707,0.01638243
8,end,True,148.6692,-192.125,58.26561,80,0,0,1377.589,315.5146,0.02494689
8,end,True,148.3833,-192.0873,58.31804,80,0,0,1377.811,315.3571,0.03213406
8,end,True,148.2757,-191.761,59.70198,80,0,0,1378.034,315.2841,0.07672087
8,end,True,148.3069,-191.4702,61.48927,80,0,0,1378.257,315.3917,0.0773121
8,end,True,148.1212,-191.601,62.84439,80,0,0,1378.48,315.684,0.05990415
8,end,True,148.3596,-191.8899,64.21738,80,0,0,1378.738,316.3204,0.059617
8,end,True,149.1775,-192.6805,64.57314,80,0,0,1378.945,317.4559,0.05574003
8,end,True,149.1003,-192.9507,64.92033,80,0,0,1379.155,317.7226,0.03976107
8,end,True,149.028,-193.1908,64.93695,80,0,0,1379.365,317.8984,0.008302867
8,end,True,148.8748,-193.1696,64.60936,80,0,0,1379.573,317.7416,0.04286132
8,end,True,148.6998,-192.9374,64.47339,80,0,0,1379.782,317.4323,0.01264293
8,end,True,148.9215,-193.4678,62.84604,80,0,0,1379.991,317.6663,0.1202506
8,end,True,149.1917,-194.1339,60.55655,80,0,0,1380.249,317.9224,0.09330542
8,end,True,148.4582,-194.1043,59.37411,80,0,0,1380.482,317.3299,0.03257476
8,end,True,148.5834,-194.6879,58.00488,80,0,0,1380.706,317.6398,0.06095644
8,end,True,148.6453,-195.2434,57.34913,80,0,0,1380.93,318.0303,0.02133812
8,end,True,149.3581,-193.1385,59.60347,80,0,0,1381.152,316.9622,0.1735035
8,end,True,149.1431,-191.6663,63.88557,80,0,0,1381.375,316.4295,0.1866542
8,end,True,148.3613,-191.0643,68.10712,80,0,0,1381.647,316.4261,0.1139064
8,end,True,149.2453,-188.9832,69.5759,80,0,0,1381.856,315.3838,0.1358583
8,end,True,148.9076,-186.0349,68.61975,80,0,0,1382.064,312.5007,0.1727866
8,end,True,149.2289,-181.7491,64.33458,80,0,0,1382.273,308.0922,0.3576226
8,end,True,149.6336,-176.7435,58.4033,80,0,0,1382.483,302.8504,0.3743816
8,end,True,149.0869,-172.532,54.04036,80,0,0,1382.692,298.194,0.2773233
8,end,True,148.4187,-169.0019,52.61102,80,0,0,1382.9,294.615,0.1362693
8,end,True,148.0638,-167.1121,52.04365,80,0,0,1383.098,292.7385,0.1256209
8,end,True,148.5566,-166.1711,52.72074,80,0,0,1383.323,292.3162,0.07701886
8,end,True,148.7003,-165.8958,53.89824,80,0,0,1383.548,292.3723,0.08165952
8,end,True,148.3739,-166.3277,55.47295,80,0,0,1383.771,292.8641,0.08322076
8,end,True,148.3179,-166.782,56.42805,79.99999,0,0.5124668,1383.994,293.1415,0.03220842
8,Above_Eyes,True,148.3933,-167.2986,56.91893,80,0,14.70284,1384.216,286.8266,0.03282496
8,Above_Eyes,True,148.8013,-167.9827,57.3962,80,0,38.96539,1384.439,277.225,0.04796081
8,Above_Eyes,True,149.1834,-168.3279,57.55227,80,0,69.93246,1384.662,266.9452,0.01388317
8,Above_Eyes,True,149.3923,-168.1263,57.01749,80,0,104.1996,1384.886,258.573,0.0359015
8,Above_Eyes,True,149.3546,-167.9487,56.34396,80,0,137.1917,1385.11,254.5606,0.03715359
8,Above_Eyes,True,149.5768,-168.3108,55.77133,80,0,165.1779,1385.332,254.9747,0.03556792
8,Above_Eyes,True,150.4401,-169.9273,55.26631,80,0,184.0583,1385.555,258.1631,0.1039344
8,Above_Eyes,True,150.7871,-173.0075,55.80471,80,0,190,1385.777,262.0393,0.1972933
8,Above_Eyes,True,150.5288,-177.2657,58.20329,80,0,190,1386,266.7044,0.2258427
8,Above_Eyes,True,150.8375,-179.9807,63.05995,80,0,190,1386.224,270.3705,0.2201805
8,Above_Eyes,True,148.8411,-183.4103,63.27765,80,0,190,1386.448,274.013,0.2581919
8,Above_Eyes,True,147.3509,-191.5827,61.94712,80,0,190,1386.673,281.8041,0.4897203
8,Above_Eyes,True,145.8814,-200.3893,61.92385,80,0,190,1386.874,290.5154,0.4144388
8,Above_Eyes,True,144.8768,-208.8781,60.65174,80,0,190,1387.085,298.6056,0.4035629
8,Above_Eyes,True,144.0267,-215.7087,58.53728,80,0,190,1387.295,304.9324,0.2985634
8,Above_Eyes,True,143.2257,-220.4812,56.73636,80,0,190,1387.505,309.3474,0.1853518
8,Above_Eyes,True,142.8397,-223.2442,55.642,80,0,190,1387.713,311.8929,0.09929918
8,Above_Eyes,True,142.6164,-224.0987,55.02046,80,0,190,1387.922,312.6476,0.04314799
8,Above_Eyes,True,142.6046,-224.4088,54.4845,80,0,190,1388.131,312.8571,0.02010358
8,Above_Eyes,True,142.6266,-224.6272,54.78884,80,0,190,1388.339,313.1194,0.03744802
8,Above_Eyes,True,143.6231,-223.9286,54.85147,80,0,190,1388.548,312.3013,0.1669577
8,Above_Eyes,True,144.8522,-221.7992,54.82367,80,0,190,1388.768,310.0431,0.1026282
8,Above_Eyes,True,146.5945,-217.4032,54.65985,80,0,190,1389.031,305.4839,0.2451303
8,Above_Eyes,True,148.5507,-209.3982,56.66274,80,0,190,1389.248,297.792,0.484249
8,Above_Eyes,True,149.766,-202.7983,61.93461,80,0,190,1389.464,292.2834,0.3253693
8,Above_Eyes,True,150.5831,-196.1217,67.63925,80,0,190,1389.723,287.0052,0.3700903
8,Above_Eyes,True,150.6694,-188.9981,71.95748,80,0,190,1389.932,281.2201,0.4575161
8,Above_Eyes,True,150.8741,-178.9379,76.08115,80,0,190,1390.143,272.705,0.5471166
8,Above_Eyes,True,149.8062,-164.7755,77.62597,80,0,190,1390.352,259.9161,0.7988281
8,Above_Eyes,True,148.3212,-139.6735,75.70325,80,0,190,1390.603,236.0605,0.9572245
8,Above_Eyes,True,151.7429,-115.8761,74.3571,80,0,190,1390.827,212.9789,1.039306
8,Above_Eyes,True,148.168,-92.3887,77.60267,80,0,190,1391.054,193.6232,1.143185
8,Above_Eyes,True,149.8959,-64.81752,83.61864,80,0,190,1391.278,171.9666,1.295033
8,Above_Eyes,True,151.7191,-38.7862,85.39978,80,0,190,1391.503,151.224,1.135556
8,Above_Eyes,True,147.3093,-11.11593,83.47639,80,0,190,1391.728,130.7399,1.355566
8,Above_Eyes,True,151.2872,17.28695,81.3614,80,0,190,1391.953,109.7784,1.240211
8,Above_Eyes,True,147.9994,42.81735,80.9277,80,0,190,1392.177,98.46773,1.231981
8,Above_Eyes,True,149.0164,72.46452,82.73476,80,0,190,1392.401,92.63628,1.417401
8,Above_Eyes,True,150.1479,98.78559,81.41833,80,0,190,1392.625,92.57448,1.109304
8,Above_Eyes,True,146.9464,124.9554,78.01541,80,0,190,1392.849,99.80484,1.214336
8,Above_Eyes,True,149.7,152.7739,74.11936,80,0,190,1393.087,111.4173,0.8727619
8,Above_Eyes,True,147.3241,176.0555,72.49078,80,0,190,1393.298,127.6825,1.090459
8,Above_Eyes,True,148.6029,201.5411,72.25696,80,0,190,1393.507,147.3331,1.300061
8,Above_Eyes,True,150.2308,223.6203,70.05717,80,0,190,1393.718,164.6705,1.013088
8,Above_Eyes,True,146.993,245.867,66.03383,80,0,190,1393.928,183.6353,1.201461
8,Above_Eyes,True,149.4185,269.3105,60.28894,80,0,190,1394.14,202.7808,1.106559
8,Above_Eyes,True,149.7442,290.7948,56.33691,80,0,190,1394.351,221.8757,0.9955083
8,Above_Eyes,True,147.7928,311.6105,55.19856,80,0,190,1394.562,241.8094,1.001932
8,Above_Eyes,True,150.5332,328.8258,52.27512,80,0,190,1394.774,257.3025,0.7370381
8,Above_Eyes,True,150.9643,340.4493,45.68409,80,0,190,1394.997,267.2914,0.5502939
8,Above_Eyes,True,151.3188,348.896,37.59321,80,0,190,1395.22,274.2527,0.4195802
8,Above_Eyes,True,151.2661,352.6452,34.80266,80,0,190,1395.443,277.5733,0.1046126
8,Above_Eyes,True,151.1855,353.6036,34.42596,80,0,190,1395.666,278.4792,0.03800537
8,Above_Eyes,True,151.5753,352.2978,37.34473,80,0,190,1395.885,277.5197,0.2966407
8,Above_Eyes,True,150.7069,348.4823,43.16887,80,0,190,1396.09,274.7549,0.3358907
8,Above_Eyes,True,150.317,345.1961,49.38058,80,0,190,1396.294,272.6576,0.4064954
8,Above_Eyes,True,149.5921,341.2052,60.44,80,0,190,1396.502,271.1346,0.5771412
8,Above_Eyes,True,149.6842,335.649,77.92195,80,0,190,1396.723,270.2843,0.6753896
8,Above_Eyes,True,150.8459,335.6473,89.68033,80,0,190,1396.934,273.7356,0.5107849
8,Above_Eyes,True,150.1903,340.4553,99.68198,80,0,190,1397.145,281.706,0.5686302
8,Above_Eyes,True,151.3341,346.7318,109.1892,80,0,190,1397.355,290.7975,0.4765154
8,Above_Eyes,True,152.4102,348.6903,117.4734,80,0,190,1397.563,295.6476,0.3018776
8,Above_Eyes,True,152.7368,347.805,121.2334,80,0,190,1397.773,296.3201,0.169756
8,Above_Eyes,True,152.4215,347.4655,122.6416,80,0,190,1397.98,296.6326,0.05529754
8,Above_Eyes,True,151.1615,347.8229,123.5565,80,0,190,1398.19,297.4958,0.08503847
8,Above_Eyes,True,150.3488,344.8826,126.9312,80,0,190,1398.398,296.3892,0.3213871
8,Above_Eyes,True,149.4172,337.003,128.3188,80,0,190,1398.608,290.109,0.4163515
8,Above_Eyes,True,148.6887,327.2481,126.0291,80,0,190,1398.844,280.5737,0.3244463
8,Above_Eyes,True,147.8083,322.5337,126.1301,80,0,190,1399.063,276.6072,0.2281449
8,Above_Eyes,True,148.6547,320.1375,129.2394,80,0,190,1399.313,275.8229,0.2109928
8,Above_Eyes,True,149.4278,316.0143,136.8438,80,0,190,1399.564,275.8171,0.4275603
8,Above_Eyes,True,149.0759,305.8743,142.6906,80,0,190,1399.815,270.2862,0.5406876
8,Above_Eyes,True,144.4758,286.4503,142.3248,80,0,190,1400.065,254.854,0.9199971
8,Above_Eyes,True,147.5719,255.5145,131.332,80,0,190,1400.317,223.2791,1.392564
8,Above_Eyes,True,149.5996,233.5384,124.8806,80,0,190,1400.538,201.9935,1.092518
8,Above_Eyes,True,145.9992,207.6098,119.1977,80,0,190,1400.748,180.079,1.451059
8,Above_Eyes,True,151.5708,178.6239,112.0138,80,0,190,1400.956,154.1122,1.35456
8,Above_Eyes,True,146.7648,152.0891,102.0248,80,0,190,1401.165,132.1937,1.492954
8,Above_Eyes,True,149.3905,123.2208,87.13158,80,0,190,1401.374,105.3996,1.58847
8,Above_Eyes,True,151.2009,96.75791,77.17458,80,0,190,1401.584,87.98927,1.299894
8,Above_Eyes,True,147.3729,69.46223,68.76543,80,0,190,1401.783,81.5892,1.238785
8,Above_Eyes,True,150.7891,39.89775,57.32085,80,0,190,1402.007,80.19577,1.282511
8,Above_Eyes,True,146.1949,13.95118,42.68283,80,0,190,1402.233,90.01752,1.467754
8,Above_Eyes,True,148.1036,-12.45346,25.34655,80,0,190,1402.458,104.6203,1.287436
8,Above_Eyes,True,147.7023,-36.72428,13.37432,80,0,190,1402.684,124.87,1.2749
8,Above_Eyes,True,147.1283,-65.09652,2.969635,80,0,190,1402.908,151.3268,1.428191
8,Above_Eyes,True,149.2559,-89.13165,-8.367085,80,0,190,1403.134,174.1712,1.122383
8,Above_Eyes,True,145.7038,-111.2028,-23.4472,80,0,190,1403.356,197.6624,1.235437
8,Above_Eyes,True,148.3029,-132.3634,-39.6669,80,0,190,1403.581,220.0235,1.002162
8,Above_Eyes,True,147.4453,-150.9029,-51.09242,80,0,190,1403.804,240.2863,0.9751433
8,Above_Eyes,True,144.6259,-172.6373,-62.28054,80,0,190,1404.027,264.1273,1.267791
8,Above_Eyes,True,146.3407,-193.9677,-74.80151,80,0,190,1404.253,287.3321,0.8610139
8,Above_Eyes,True,144.6628,-204.3672,-82.88676,80,0,190,1404.462,299.6505,0.4746699
8,Above_Eyes,True,141.2934,-210.5008,-89.53883,80,0,190,1404.672,307.864,0.4245817
8,Above_Eyes,True,137.7667,-214.5911,-94.44121,80,0,190,1404.881,313.7378,0.2966536
8,Above_Eyes,True,136.0761,-217.1669,-97.13779,80,0,190,1405.09,317.2565,0.1199898
8,Above_Eyes,True,135.8044,-218.5282,-97.56646,80,0,190,1405.297,318.709,0.04843427
8,Above_Eyes,True,136.1879,-219.1302,-96.41972,80,0,190,1405.507,318.8595,0.1347344
8,Above_Eyes,True,138.2182,-217.7516,-92.14908,80,0,190,1405.717,315.957,0.3167853
8,Above_Eyes,True,140.8707,-212.9819,-87.28056,80,0,190,1405.926,309.6288,0.3711051
8,Above_Eyes,True,142.2937,-205.4187,-82.23129,80,0,190,1406.135,300.8351,0.4548087
8,Above_Eyes,True,143.6159,-199.0091,-76.20409,80,0,190,1406.346,292.9242,0.4322752
8,Above_Eyes,True,145.4838,-194.0243,-70.52246,80,0,190,1406.56,286.434,0.443119
8,Above_Eyes,True,146.4269,-192.2661,-63.33122,80,0,190,1406.777,282.9104,0.372416
8,Above_Eyes,True,145.9556,-191.2851,-50.92745,80,0,190,1406.999,279.5158,0.6644181
8,Above_Eyes,True,146.7987,-189.892,-32.77215,80,0,190,1407.231,275.2854,0.708667
8,Above_Eyes,True,146.529,-191.9002,-17.34401,80,0,190,1407.454,275.899,0.7334055
8,Above_Eyes,True,143.5829,-195.5915,-0.3387332,80,0,190,1407.677,279.4733,0.8448566
8,Above_Eyes,True,146.4986,-201.3548,19.35946,80,0,190,1407.907,285.3553,0.8378742
8,Above_Eyes,True,148.3916,-200.3334,36.4895,80,0,190,1408.127,285.7438,0.760808
8,Above_Eyes,True,146.468,-194.8538,50.90718,80,0,190,1408.348,282.8979,0.6946576
8,Above_Eyes,True,149.3054,-189.8596,64.22634,80,0,190,1408.593,280.3663,0.4675485
8,Above_Eyes,True,150.1674,-189.4444,73.66445,80,0,190,1408.856,282.1584,0.3095908
8,Above_Eyes,True,152.0034,-190.7436,80.3147,80,0,190,1409.063,284.9496,0.3032236
8,Above_Eyes,True,152.2574,-193.1176,81.4729,80,0,190,1409.271,287.4987,0.1514983
8,Above_Eyes,True,152.4406,-194.9923,79.33447,80,0,190,1409.48,288.6614,0.1666139
8,Above_Eyes,True,152.511,-197.0099,76.30149,80,0,190,1409.688,289.7616,0.2141343
8,Above_Eyes,True,152.2295,-198.4383,73.72553,80,0,190,1409.886,290.4995,0.104577
8,Above_Eyes,True,151.8251,-198.7086,72.50849,80,0,190,1410.111,290.5052,0.0229982
8,Above_Eyes,True,151.9503,-199.0874,73.87902,80,0,190,1410.335,291.197,0.1048927
8,Above_Eyes,True,152.1139,-199.291,76.24609,80,0,190,1410.559,291.98,0.09814911
8,Above_Eyes,True,152.1542,-199.5725,77.66261,80,0,190,1410.781,292.6168,0.05376004
8,Above_Eyes,True,152.1975,-199.7532,78.14052,80,0,190,1411.004,292.9109,0.009802961
8,Above_Eyes,True,152.3318,-199.8164,78.06232,80.00001,0,189.9505,1411.227,292.9268,0.01025993
8,end,True,152.4285,-200.1192,77.93118,80,0,176.3801,1411.449,291.7426,0.03186323
8,end,True,152.1321,-200.6218,77.01096,80,0,148.3227,1411.673,291.022,0.05281189
8,end,True,151.5643,-201.0647,76.83863,80,0,111.2057,1411.895,294.1604,0.0382168
8,end,True,150.9643,-202.1117,77.4233,80,0,72.09393,1412.118,302.9883,0.07093857
8,end,True,150.1302,-202.9218,78.09875,80,0,36.64828,1412.338,314.678,0.1032793
8,end,True,149.6959,-202.8112,78.87331,80,0,10.50375,1412.56,324.9271,0.04776895
8,end,True,148.2686,-202.4027,79.12285,80,0,0.006783009,1412.783,328.6234,0.04652854
8,end,True,148.1509,-201.6789,79.57584,80,0,0,1413.006,328.0609,0.04319988
8,end,True,147.9407,-200.3364,79.74014,80,0,0,1413.242,326.8539,0.07992533
8,end,True,147.6586,-199.5894,79.5839,80,0,0,1413.445,326.0474,0.03045101
8,end,True,147.7562,-199.1468,79.5201,80,0,0,1413.656,325.6966,0.03300472
8,end,True,147.9161,-199.028,79.47916,80,0,0,1413.863,325.6574,0.006644137
8,end,True,147.8742,-198.8985,79.34794,80,0,0,1414.072,325.4954,0.01020546
8,end,True,147.7153,-198.3043,80.12005,80,0,0,1414.281,325.1035,0.05965135
8,end,True,148.0135,-197.8699,81.79745,80,0,0,1414.489,325.2853,0.0861614
8,end,True,147.6943,-197.8176,83.8959,80,0,0,1414.699,325.6298,0.101491
8,end,True,148.0984,-197.3681,85.70509,80,0,0,1414.907,325.9012,0.08423363
8,end,True,148.5063,-197.3637,86.95253,80,0,0,1415.117,326.4131,0.03884656
8,end,True,148.5334,-197.0776,87.00397,80,0,0,1415.324,326.196,0.03355714
8,end,True,148.5738,-196.0648,86.81954,80,0,0,1415.534,325.3054,0.06231597
8,end,True,148.4002,-195.0952,86.30755,80,0,0,1415.742,324.2669,0.0589974
8,end,True,148.3655,-194.4021,86.11997,80,0,0,1415.951,323.6132,0.03435258
8,end,True,148.3844,-194.3086,85.812,80,0,0,1416.16,323.4607,0.02582761
8,end,True,148.4902,-194.672,85.1479,80,0,0,1416.369,323.6422,0.03761313
8,end,True,148.174,-194.9812,84.36216,80,0,0,1416.579,323.554,0.06073766
8,end,True,148.1814,-195.3896,83.17784,80,0,0,1416.787,323.5981,0.05770605
8,end,True,148.1523,-195.7051,81.91001,80,0,0,1416.997,323.5299,0.06462323
8,end,True,148.2689,-195.5583,80.65684,80,0,0,1417.235,323.1432,0.05364366
8,end,True,148.0325,-195.8909,79.80133,80,0,0,1417.46,323.1062,0.04608117
8,end,True,147.8888,-195.7409,79.32432,80,0,0,1417.685,322.7949,0.02672942
8,end,True,148.0375,-195.248,78.97466,80,0,0,1417.906,322.3563,0.03325761
8,end,True,147.8457,-195.1331,78.81406,80,0,0,1418.129,322.1308,0.01956678
8,end,True,147.8646,-194.9477,78.66228,80,0,0,1418.352,321.944,0.01195215
8,end,True,147.9787,-194.9734,78.47871,80,0,0,1418.574,321.9736,0.01163129
8,end,True,147.9407,-195.0002,77.96197,80,0,0.007069918,1418.81,321.8502,0.02789087
8,end,True,148.2125,-195.1483,77.02785,80,0,12.99874,1419.033,316.1054,0.06871195
8,Eye_Level,True,148.3699,-196.0147,75.95001,80,0,42.4547,1419.257,305.2385,0.06880699
8,Eye_Level,True,148.5762,-197.189,74.78275,80,0,79.2423,1419.48,295.353,0.09828179
8,Eye_Level,True,148.606,-198.1544,73.51282,80,0,114.8587,1419.704,289.6772,0.05510794
8,Eye_Level,True,148.3333,-198.4273,72.5555,80,0,141.2328,1419.927,287.8133,0.04156229
8,Eye_Level,True,148.3972,-198.2596,72.10708,80,0,150,1420.149,287.455,0.0382501
8,Eye_Level,True,149.2005,-197.1802,73.10011,80,0,150,1420.372,286.6585,0.09992882
8,Eye_Level,True,149.4541,-195.3601,74.87637,80,0,150,1420.596,285.3593,0.1209018
8,Eye_Level,True,148.7271,-195.3228,74.87344,80,0,150,1420.818,285.3249,0.1402828
8,Eye_Level,True,146.68,-199.3567,77.19161,80,0,150,1421.042,289.8443,0.2991227
8,Eye_Level,True,145.4447,-204.1158,79.23097,80,0,150,1421.248,294.9916,0.2654956
8,Eye_Level,True,145.6545,-210.6591,79.2922,80,0,150,1421.464,301.3119,0.3331464
8,Eye_Level,True,145.479,-216.4616,77.66907,80,0,150,1421.668,306.5002,0.2325968
8,Eye_Level,True,144.9035,-219.5162,75.75401,80,0,150,1421.876,308.9896,0.1418601
8,Eye_Level,True,144.108,-220.9702,74.0307,80,0,150,1422.11,309.9973,0.07835451
8,Eye_Level,True,143.8012,-221.0132,73.21174,80,0,150,1422.333,309.8505,0.01923643
8,Eye_Level,True,143.8636,-220.9872,73.59637,80,0,150,1422.555,309.9152,0.01710027
8,Eye_Level,True,144.1761,-220.546,73.96774,80,0,150,1422.778,309.5691,0.02821381
8,Eye_Level,True,145.4459,-218.9697,74.2866,80,0,150,1423.003,308.0943,0.09390772
8,Eye_Level,True,146.614,-217.1422,74.87686,80,0,150,1423.222,306.4498,0.1116494
8,Eye_Level,True,148.4566,-213.1274,76.54764,80,0,150,1423.441,302.9614,0.2479998
8,Eye_Level,True,149.5268,-210.0919,80.16501,80,0,150,1423.659,300.9651,0.2025931
8,Eye_Level,True,150.45,-207.933,82.95391,80,0,150,1423.881,299.6447,0.1417122
8,Eye_Level,True,151.0789,-203.9828,84.40201,80,0,150,1424.153,296.2619,0.208355
8,Eye_Level,True,151.3628,-197.3616,86.20419,80,0,150,1424.361,290.4522,0.3935035
8,Eye_Level,True,151.2629,-189.208,89.65412,80,0,150,1424.57,283.7471,0.4666277
8,Eye_Level,True,151.114,-180.021,93.29874,80,0,150,1424.781,276.255,0.4391682
8,Eye_Level,True,150.753,-170.0718,95.90005,80,0,150,1425.045,267.8307,0.3926336
8,Eye_Level,True,149.2715,-156.6804,95.03123,80,0,150,1425.311,255.0472,0.5614409
8,Eye_Level,True,151.3526,-142.1238,92.15973,80,0,150,1425.549,240.4875,0.5402724
8,Eye_Level,True,150.7013,-127.2926,95.79295,80,0,150,1425.773,228.3572,0.7309158
8,Eye_Level,True,147.9771,-109.9276,105.0255,80,0,150,1425.997,217.0413,0.9606066
8,Eye_Level,True,150.7458,-90.5963,115.0468,80,0,150,1426.221,205.7654,0.8828791
8,Eye_Level,True,150.6423,-71.86675,119.6335,80,0,150,1426.446,193.329,0.8775027
8,Eye_Level,True,147.9608,-49.09703,121.1375,80,0,150,1426.671,177.0438,1.115483
8,Eye_Level,True,150.8722,-26.33725,123.2058,80,0,150,1426.896,162.7515,0.989448
8,Eye_Level,True,148.6069,-3.620124,124.8723,80,0,150,1427.121,150.2909,1.113773
8,Eye_Level,True,149.5207,24.59967,128.5394,80,0,150,1427.344,139.9707,1.384449
8,Eye_Level,True,151.4538,50.08619,128.74,80,0,150,1427.569,132.1777,1.052511
8,Eye_Level,True,147.6291,75.62249,124.7795,80,0,150,1427.792,124.8787,1.231925
8,Eye_Level,True,150.3586,103.4568,119.5487,80,0,150,1428.015,121.8288,1.204912
8,Eye_Level,True,148.6324,130.7192,116.855,80,0,150,1428.254,127.3946,0.907621
8,Eye_Level,True,148.744,157.1847,116.1967,80,0,150,1428.465,139.5017,1.326846
8,Eye_Level,True,150.2529,180.5189,112.9416,80,0,150,1428.675,151.195,1.040605
8,Eye_Level,True,147.0004,202.9077,106.7597,80,0,150,1428.885,162.8279,1.152373
8,Eye_Level,True,149.1474,227.0313,96.29744,80,0,150,1429.095,175.7616,1.196194
8,Eye_Level,True,150.2324,249.0457,89.05014,80,0,150,1429.308,191.0666,1.064951
8,Eye_Level,True,146.9263,271.9326,82.94133,80,0,150,1429.518,209.1096,1.250867
8,Eye_Level,True,149.8186,293.3934,76.40761,80,0,150,1429.73,226.6603,0.9531136
8,Eye_Level,True,149.0292,309.3777,68.97887,80,0,150,1429.938,239.527,0.8441806
8,Eye_Level,True,147.2689,325.2095,57.07449,80,0,150,1430.148,251.779,1.067198
8,Eye_Level,True,151.1854,342.1304,43.92799,80,0,150,1430.358,265.7883,0.8963242
8,Eye_Level,True,153.4225,352.8887,37.10097,80,0,150,1430.583,275.4205,0.3779725
8,Eye_Level,True,153.9024,358.3694,36.37127,80,0,150,1430.805,280.7625,0.1763838
8,Eye_Level,True,153.8867,360.9068,36.05989,80,0,150,1431.028,283.2385,0.06728106
8,Eye_Level,True,153.6693,361.0835,34.77105,80,0,150,1431.252,283.2498,0.06779939
8,Eye_Level,True,152.8995,360.1385,32.8122,80,0,150,1431.474,282.0685,0.1156654
8,Eye_Level,True,151.7166,358.5838,31.01376,80,0,150,1431.696,280.3101,0.1149966
8,Eye_Level,True,151.4084,358.3431,30.40322,80,0,150,1431.919,280.0022,0.0695823
8,Eye_Level,True,151.0179,361.9304,30.08155,80,0,150,1432.138,283.5325,0.2121927
8,Eye_Level,True,150.6963,363.1133,28.49544,80,0,150,1432.339,284.5446,0.06293494
8,Eye_Level,True,150.1201,361.6482,28.8536,80,0,150,1432.584,283.1223,0.1009844
8,Eye_Level,True,150.598,356.5555,29.41631,80,0,150,1432.853,278.1162,0.289036
8,Eye_Level,True,150.6625,347.6198,29.70899,80,0,150,1433.103,269.2646,0.4164851
8,Eye_Level,True,150.0808,333.1644,26.59434,80,0,150,1433.354,254.5574,0.6447663
8,Eye_Level,True,146.875,315.6262,17.78783,80,0,150,1433.604,236.3174,0.9087836
8,Eye_Level,True,150.6344,296.2039,3.108823,80,0,150,1433.855,216.2271,0.8716275
8,Eye_Level,True,150.2013,275.8859,-4.124796,80,0,150,1434.105,195.9295,0.9056429
8,Eye_Level,True,147.3111,250.7501,-6.932127,80,0,150,1434.342,170.912,0.9514644
8,Eye_Level,True,150.9466,229.6445,-11.02396,80,0,150,1434.552,150.053,0.989221
8,Eye_Level,True,149.2149,211.2311,-18.37774,80,0,150,1434.76,132.514,1.034006
8,Eye_Level,True,149.9613,191.989,-27.166,80,0,150,1434.969,115.2369,1.081975
8,Eye_Level,True,152.015,174.9074,-29.37883,80,0,150,1435.177,99.37102,0.8330978
8,Eye_Level,True,148.7877,155.7453,-28.45787,80,0,150,1435.386,80.92387,1.035886
8,Eye_Level,True,150.6512,133.0686,-23.6462,80,0,150,1435.595,58.10199,1.176858
8,Eye_Level,True,149.9297,113.1317,-23.71467,80,0,150,1435.804,40.7443,0.9177822
8,Eye_Level,True,146.3899,92.52753,-26.90748,80,0,150,1436.014,29.89957,1.048999
8,Eye_Level,True,147.966,70.48991,-32.51108,80,0,150,1436.223,33.93449,1.083906
8,Eye_Level,True,147.8454,48.06993,-36.15857,80,0,150,1436.477,48.28679,0.7364321
8,Eye_Level,True,145.6568,22.78116,-39.28527,80,0,150,1436.714,69.54273,1.151959
8,Eye_Level,True,149.2611,-2.973461,-44.5511,80,0,150,1436.939,94.18037,1.145827
8,Eye_Level,True,145.4503,-26.34844,-52.95166,80,0,150,1437.166,118.8889,1.14728
8,Eye_Level,True,147.2013,-49.9921,-65.53656,80,0,150,1437.392,145.605,1.152214
8,Eye_Level,True,147.7708,-73.0526,-73.99831,80,0,150,1437.617,170.0171,1.1392
8,Eye_Level,True,143.4426,-100.4884,-80.73163,80,0,150,1437.842,197.8299,1.345152
8,Eye_Level,True,145.3736,-123.7366,-87.90497,80,0,150,1438.041,221.9398,1.106077
8,Eye_Level,True,141.7194,-148.2185,-97.95431,80,0,150,1438.276,248.49,0.8867391
8,Eye_Level,True,141.7275,-170.2213,-109.2863,80,0,150,1438.487,273.1714,1.11953
8,Eye_Level,True,143.0679,-188.0297,-115.101,80,0,150,1438.698,291.7811,0.8368313
8,Eye_Level,True,141.3014,-204.237,-117.799,80,0,150,1438.906,307.8034,0.8333308
8,Eye_Level,True,141.0402,-219.6695,-119.9656,80,0,150,1439.116,322.9146,0.5781124
8,Eye_Level,True,140.2726,-227.7216,-121.9721,80,0,150,1439.326,331.1562,0.3007861
8,Eye_Level,True,139.9237,-229.1927,-121.0948,80,0,150,1439.537,332.2132,0.146536
8,Eye_Level,True,140.9969,-225.6114,-117.6889,80,0,150,1439.747,327.6126,0.3434648
8,Eye_Level,True,141.691,-217.5368,-112.7256,80,0,150,1439.955,318.2833,0.4580512
8,Eye_Level,True,144.8044,-209.6704,-105.0077,80,0,150,1440.191,308.1599,0.4679706
8,Eye_Level,True,145.962,-204.7024,-93.87128,80,0,150,1440.406,299.8059,0.6717085
8,Eye_Level,True,145.2734,-199.3135,-76.12926,80,0,150,1440.634,289.5411,0.9607871
8,Eye_Level,True,145.9749,-194.7858,-56.28664,80,0,150,1440.859,280.5203,0.8284643
8,Eye_Level,True,143.3865,-194.9196,-38.91,80,0,150,1441.084,277.7383,0.8032415
8,Eye_Level,True,141.1555,-199.379,-20.00243,80,0,150,1441.305,280.2338,0.8917933
8,Eye_Level,True,144.9544,-201.5038,-0.7827401,80,0,150,1441.527,281.5501,0.7548183
8,Eye_Level,True,146.1201,-195.307,11.9713,80,0,150,1441.748,275.5945,0.5783876
8,Eye_Level,True,149.3872,-184.8763,21.53012,80,0,150,1442.003,265.7505,0.4655601
8,Eye_Level,True,151.4562,-182.342,26.68056,80,0,150,1442.211,263.6992,0.2597099
8,Eye_Level,True,151.9871,-185.7948,31.67936,80,0,150,1442.42,267.6833,0.3469576
8,Eye_Level,True,151.0606,-192.0554,38.04213,80,0,150,1442.629,274.7043,0.4175295
8,Eye_Level,True,151.994,-197.9031,41.58833,80,0,150,1442.84,281.0048,0.2746584
8,Eye_Level,True,152.3683,-203.0668,40.40169,80,0,150,1443.046,285.9453,0.2255915
8,Eye_Level,True,152.6847,-206.2431,36.77055,80,0,150,1443.255,288.6077,0.2360237
8,Eye_Level,True,152.0785,-208.4419,34.23315,80,0,150,1443.462,290.4737,0.1405578
8,Eye_Level,True,151.8598,-209.1387,32.59639,80,0,150,1443.672,290.9763,0.08961959
8,Eye_Level,True,151.8109,-209.3373,31.82563,80,0,150,1443.881,291.088,0.02325273
8,Eye_Level,True,151.308,-210.4498,31.70389,80,0,150,1444.09,292.1779,0.08627621
8,Eye_Level,True,151.853,-210.2863,32.59803,80,0,150,1444.287,292.1168,0.05344737
8,Eye_Level,True,151.8963,-210.1938,33.27335,80,0,150,1444.526,292.1012,0.02708219
8,Eye_Level,True,151.924,-209.9038,33.36993,80,0,150,1444.752,291.8243,0.01212263
8,Eye_Level,True,151.7958,-210.0356,33.73674,80,0,150,1444.972,291.9966,0.01369142
8,Eye_Level,True,151.8318,-210.5236,33.11125,80,0,149.5613,1445.195,292.4131,0.05661292
8,end,True,151.4088,-211.3566,32.72239,80,0,129.2885,1445.418,294.0217,0.04770653
8,end,True,150.8032,-211.8053,32.49377,80,0,94.86797,1445.64,298.8895,0.05825198
8,end,True,149.704,-211.6258,32.35127,80,0,56.1782,1445.862,307.9599,0.07170219
8,end,True,149.0761,-211.2437,31.86861,80,0,19.88759,1446.099,320.2002,0.04068692
8,end,True,148.9745,-211.5041,31.24129,80,0,0.7956028,1446.348,328.493,0.02821364
8,end,True,148.8402,-211.9203,30.83061,80,0,0,1446.596,329.1221,0.02209122
8,end,True,149.0269,-212.4169,29.98184,80,0,0,1446.849,329.5688,0.05229645
8,end,True,148.8901,-212.7319,28.76185,80,0,0,1447.044,329.6779,0.06969707
8,end,True,148.6416,-212.981,26.48312,80,0,0,1447.281,329.5961,0.08517493
8,end,True,147.8567,-212.9382,23.81846,80,0,0,1447.547,329.001,0.06369145
8,end,True,148.1966,-213.1805,23.29575,80,0,0,1447.809,329.3322,0.02721645
8,end,True,148.0043,-212.889,25.30972,80,0,0,1448.033,329.1349,0.1275475
8,end,True,147.4602,-212.3603,30.38012,80,0,0,1448.257,328.8495,0.2753055
8,end,True,147.8755,-210.7675,39.61464,80,0,0,1448.529,328.6065,0.3534419
8,end,True,147.7101,-209.2683,45.26857,80,0,0,1448.739,327.9385,0.2252176
8,end,True,148.2251,-208.5313,47.17945,80,0,0,1448.949,327.791,0.04887161
8,end,True,148.2774,-209.447,46.96905,80,0,0,1449.161,328.5906,0.06721355
8,end,True,148.9196,-211.1282,45.27909,80,0,0,1449.369,330.1256,0.1408349
8,end,True,148.7801,-213.4653,42.6081,80,0,0,1449.578,331.7722,0.2223253
8,end,True,148.3819,-216.7624,39.82617,80,0,0,1449.814,334.1725,0.2138127
8,end,True,147.6096,-219.3519,38.06971,80,0,0,1450.045,335.9307,0.08898961
8,end,True,146.9895,-220.287,37.02079,80,0,0,1450.271,336.3759,0.05551734
8,end,True,146.9158,-220.0372,36.42577,80,0,0,1450.495,336.0556,0.03721045
8,end,True,146.9131,-219.3529,36.38364,80,0,0,1450.716,335.4391,0.04242216
8,end,True,147.246,-218.5677,36.79608,80,0,0,1450.937,334.9299,0.04594525
8,end,True,147.4467,-218.3647,37.38605,80,0,0,1451.159,334.9026,0.03654262
8,end,True,147.7242,-218.2428,38.14036,80,0,0,1451.382,335.0013,0.03532963
8,end,True,147.7787,-217.926,38.84078,80,0,0,1451.604,334.8239,0.03550217
8,end,True,147.8277,-217.7863,39.32761,80,0,0,1451.825,334.7781,0.01487996
8,end,True,147.7444,-217.769,39.49624,80,0,0,1452.047,334.7458,0.02074051
8,end,True,147.2164,-215.7393,39.89037,80,0,0,1452.268,332.7546,0.1290927
8,end,True,143.5547,-214.6544,41.88098,80,0,0,1452.503,330.4287,0.2050982
8,end,True,139.1372,-213.6188,41.53253,80,0,0,1452.741,327.5608,0.1533203
8,end,True,138.3932,-211.4255,40.15378,80,0,0,1452.967,325.1059,0.1333078
8,end,True,138.1283,-209.5374,39.21954,80,0,0,1453.188,323.1864,0.05777609
8,end,True,138.7489,-208.482,38.95041,80,0,0,1453.411,322.4752,0.08268233
8,end,True,139.7984,-206.9984,38.33553,80,0,0,1453.634,321.5297,0.09418608
8,end,True,142.6798,-204.8304,37.13833,80,0,0,1453.869,320.726,0.2536021
8,end,True,150.6869,-202.2282,34.53368,80,0,0,1454.104,321.7948,0.5000216
8,end,True,155.1037,-200.5264,29.76612,80,0,0,1454.31,321.929,0.3650004
8,end,True,141.3018,-202.2274,20.20441,80,0,0,1454.578,316.27,0.6662072
8,end,True,130.3074,-204.3542,12.87054,80,0,0,1454.774,313.0543,0.5103583
8,end,True,118.7396,-206.7072,5.194698,80,0,0,1455.033,310.3661,0.3085613
8,end,True,116.7972,-203.9622,1.202188,80,0,0,1455.242,307.0465,0.2708257
8,end,True,116.1062,-199.9852,-2.89005,80,0,0,1455.448,303.1183,0.2979125
8,end,True,114.9698,-195.2588,-6.475654,80,0,0,1455.658,298.3746,0.3095957
8,end,True,113.9347,-191.4744,-8.664903,80,0,0,1455.869,294.5412,0.2131369
8,end,True,115.2421,-192.6767,-11.23618,80,0,0,1456.078,296.2424,0.2301765
8,end,True,119.2598,-197.1697,-13.94536,80,0,0,1456.289,302.0603,0.4090486
8,end,True,116.859,-210.2092,-23.23799,80,0,0,1456.498,313.7155,1.056373
8,end,True,102.2025,-230.5806,-37.74354,80,0,0,1456.706,329.1356,1.473531
8,end,True,88.98612,-248.6379,-49.39728,80,0,0,1456.912,344.037,0.9608589
8,end,True,82.74343,-254.2179,-51.58041,80,0,0,1457.121,348.1503,0.3284199
8,end,True,80.15144,-255.5477,-52.23041,80,0,0,1457.329,348.9191,0.08438741
8,end,True,78.66547,-255.8565,-52.39273,80,0,0,1457.537,348.9023,0.05661295
8,end,True,77.43698,-256.0336,-52.36569,80,0,0,1457.745,348.794,0.03274255
8,end,True,77.47797,-255.9912,-52.00997,80,0,0,1457.954,348.709,0.03787636
8,end,True,77.28944,-256.2606,-52.35003,80,0,0,1458.163,348.9776,0.03046786
8,end,True,77.02848,-256.5112,-52.61133,80,0,0,1458.372,349.2007,0.03690671
8,end,True,76.99083,-256.4816,-52.86198,80,0,0,1458.582,349.2017,0.01733053
8,end,True,77.08617,-256.6245,-53.01181,80,0,0,1458.79,349.3832,0.01598409
8,end,True,77.22547,-256.6552,-52.81845,80,0,0,1458.998,349.4142,0.02501708
8,end,True,77.07126,-256.7226,-52.60993,80,0,0,1459.207,349.4137,0.01450211
8,end,True,77.22929,-256.3134,-52.64314,80,0,0,1459.416,349.0593,0.0391189
8,end,True,77.34115,-256.0267,-52.63053,80,0,0,1459.625,348.8059,0.01633083
8,end,True,77.37685,-256.0287,-52.35661,80,0,0,1459.837,348.7745,0.01218537
8,end,True,77.29649,-256.1909,-52.27767,80,0,0,1460.042,348.9012,0.01498351
8,end,True,77.27981,-256.2743,-52.43373,80,0,0,1460.251,349.0012,0.009496075
8,end,True,77.34303,-256.0892,-52.71109,80,0,0,1460.46,348.8787,0.009045302
8,end,True,77.30999,-256.1591,-52.79296,80,0,0,1460.67,348.9511,0.003039574
8,end,True,77.30349,-256.1592,-52.68124,80,0,0,1460.878,348.9329,0.009813825
8,end,True,77.31104,-256.0958,-52.60888,80,0,0,1461.087,348.8626,0.004017536
8,end,True,77.31665,-256.1301,-52.56532,80,0,0,1461.295,348.8902,0.00685175
8,end,True,77.07959,-256.4183,-52.73741,80,0,0,1461.504,349.1415,0.009166368
8,end,True,77.13667,-256.3971,-52.7753,80,0,0,1461.713,349.1393,0.007625524
8,end,True,77.18824,-256.3302,-52.74516,80,0,0,1461.922,349.0818,0.007567629
8,end,True,77.16708,-256.3644,-52.74354,80,0,0,1462.132,349.1098,0.003342138
8,end,True,77.16338,-256.3569,-52.70904,80,0,0,1462.339,349.0965,0.003295916
8,end,True,77.17813,-256.3286,-52.49673,80,0,0,1462.549,349.0405,0.004115089
8,end,True,77.23733,-256.2411,-52.45939,80,0,0,1462.757,348.9637,0.006265302
8,end,True,77.21545,-256.2677,-52.46852,80,0,0,1462.966,348.9859,0.002949625
8,end,True,77.22478,-256.2766,-52.51859,80,0,0,1463.175,349.004,0.00245456
8,end,True,77.21591,-256.3315,-52.4936,80,0,0,1463.383,349.0512,0.00567073
8,end,True,77.19807,-256.2725,-52.51103,80,0,0,1463.593,348.993,0.004216381
8,end,True,77.20396,-256.2667,-52.53227,80,0,0,1463.802,348.9919,0.006190257
8,end,True,77.20564,-256.3247,-52.6003,80,0,0,1464.01,349.0585,0.003385051
8,end,True,77.19933,-256.3394,-52.65122,80,0,0,1464.219,349.0789,0.004068207
8,end,True,77.16674,-256.3174,-52.6222,80,0,0,1464.428,349.0461,0.006365871
8,end,True,77.19313,-256.3271,-52.59152,80,0,0,1464.637,349.0567,0.002463386
8,end,True,77.18216,-256.3081,-52.59174,80,0,0,1464.849,349.036,0.004402033
8,end,True,77.17904,-256.2859,-52.57156,80,0,0,1465.055,349.0109,0.003514838
8,end,True,77.18439,-256.2799,-52.55962,80,0,0,1465.263,349.0045,0.004428862
8,end,True,77.20541,-256.2658,-52.57373,80,0,0,1465.472,348.9977,0.003861568
8,end,True,77.17835,-256.3261,-52.56994,80,0,0,1465.681,349.0492,0.006546544
8,end,True,77.17641,-256.3101,-52.55729,80,0,0,1465.89,349.0314,0.001656039
8,end,True,77.18692,-256.3247,-52.59114,80,0,0,1466.098,349.0529,0.006782623
8,end,True,77.17358,-256.3273,-52.59064,80,0,0,1466.308,349.0524,0.001643753
8,end,True,77.20701,-256.3388,-52.56808,80,0,0,1466.516,349.0675,0.006562058
8,end,True,77.19504,-256.3373,-52.61336,80,0,0,1466.725,349.0703,0.001152613
8,end,True,77.18848,-256.3206,-52.61584,80,0,0,1466.934,349.053,0.004600223
8,end,True,77.20913,-256.3524,-52.61779,80,0,0,1467.143,349.0885,0.003004623
8,end,True,77.21544,-256.3254,-52.61727,80,0,0,1467.352,349.0638,0.004779411
8,end,True,77.21812,-256.3162,-52.6074,80,0,0,1467.561,349.0541,0.003726377
8,end,True,77.18331,-256.3326,-52.6171,80,0,0,1467.769,349.0637,0.003469282
8,end,True,77.2003,-256.3277,-52.6182,80,0,0,1467.978,349.0629,0.001822123
8,end,True,77.20406,-256.3383,-52.5996,80,0,0,1468.187,349.0711,0.00248862
8,end,True,77.22291,-256.3372,-52.60826,80,0,0,1468.396,349.0755,0.003098254
8,end,True,77.21349,-256.2682,-52.53595,80,0,0,1468.604,348.9961,0.006943078
8,end,True,77.20879,-256.3153,-52.62135,80,0,0,1468.815,349.0533,0.01376522
8,end,True,77.19354,-256.3373,-52.6187,80,0,0,1469.022,349.0707,0.004161065
8,end,True,72.31859,-274.6018,-50.82727,80,0,0,1487.655,365.4529,0.5689105
8,end,True,72.98152,-274.3738,-51.19687,80,0,0,1487.873,365.4151,0.08388264
8,end,True,73.69707,-274.3136,-51.13498,80,0,0,1488.081,365.4917,0.02548355
8,end,True,73.22856,-274.2632,-50.64838,80,0,0,1488.321,365.2809,0.009263187
8,end,True,73.50916,-274.1799,-50.70487,80,0,0,1488.562,365.2643,0.007013384
8,end,True,151.7126,-208.3085,-200.8056,80,0,0,1488.765,382.7027,0.05182798
8,end,True,152.1886,-208.0066,-201.357,80,0,0,1488.99,382.954,0.04924258
8,end,True,152.184,-207.2416,-201.5091,80,0,0,1489.215,382.4573,0.05779843
8,end,True,152.0758,-206.6392,-201.5465,