id,height_condition,social_framing,participant_y,participant_x,participant_z,drone_x,drone_z,drone_y,time,participant_drone_distance,velocity
16,Above_Eyes,True,0,-217.5,25.5,80,0,0,4.743069,298.5909,0
16,end,True,152.8239,-218.2343,24.49531,80,0,0,5.196746,336.0043,0.06646608
16,end,True,152.8224,-218.0629,25.68651,80,0,0,5.41235,335.9404,0.05319007
16,end,True,147.9033,-225.6326,29.8796,80,0,0,5.648835,340.8511,0.5954421
16,end,True,144.2423,-229.8224,32.71205,80,0,0,5.896046,343.3159,0.1139287
16,end,True,143.4198,-228.6254,33.77985,80,0,0,6.09931,341.994,0.08337988
16,end,True,143.9053,-228.7793,34.62773,80,0,0,6.32419,342.4215,0.05622985
16,end,True,144.2533,-228.7565,35.22358,80,0,0,6.545943,342.6081,0.03257614
16,end,True,144.8014,-229.3274,35.75594,80,0,0,6.769409,343.4084,0.05441208
16,end,True,143.8574,-228.3068,37.18027,80,0,0,6.991994,342.2432,0.0752024
16,end,True,144.8876,-228.6112,38.68542,80,0,0,7.215975,343.1178,0.1575951
16,end,True,148.2971,-225.6367,35.14974,80,0,0,7.43992,341.528,0.2159458
16,end,True,150.1561,-222.2783,31.44329,80,0,0,7.652424,338.9804,0.2120118
16,end,True,150.9578,-220.0494,29.33848,80,0,0,7.864706,337.1627,0.07869951
16,end,True,152.5666,-218.8074,27.62475,80,0,0,8.074646,336.6386,0.1343377
16,end,True,152.6372,-218.9743,26.28662,80,0,0,8.283954,336.7116,0.08821778
16,end,True,152.5729,-219.1822,25.38962,80,0,0,8.492788,336.7983,0.04694522
16,end,True,152.4578,-218.9657,24.67439,80,0,0,8.701521,336.5007,0.03370455
16,end,True,152.2069,-219.0347,24.44014,80,0,0,8.910691,336.4312,0.01421774
16,end,True,152.0302,-219.6757,24.64463,80,0,0,9.119222,336.9363,0.1022306
16,end,True,146.6505,-227.3663,27.20432,80,0,0,9.32801,341.6438,0.6694847
16,end,True,135.1247,-228.8164,27.87884,80,0,0,9.536905,338.2358,0.4238054
16,end,True,129.5817,-221.6311,26.09521,80,0,0,9.759411,329.3231,0.6902221
16,end,True,119.8343,-214.9977,22.4614,80,0,0,9.957681,319.1996,0.6871668
16,end,True,112.2301,-207.2993,21.33783,80,0,0,10.1771,309.1793,0.4359087
16,end,True,104.3498,-202.6913,26.91453,80,0,0,10.41406,302.5354,0.5279553
16,end,True,92.45731,-201.2578,33.18813,80,0,0,10.62152,297.9191,0.8402496
16,end,True,78.04979,-200.8321,38.93714,80,0,0,10.82733,294.0656,0.6845688
16,end,True,60.81767,-204.7796,41.17974,80,0,0,11.03524,294.0985,0.9530928
16,end,True,39.1997,-209.8056,41.91685,80,0,0,11.24545,295.4334,0.8706357
16,end,True,23.91928,-209.428,42.38668,80,0,0,11.45399,293.4916,0.5862532
16,end,True,16.05378,-209.2239,41.81995,80,0,0,11.66373,292.6724,0.3723933
16,end,True,11.14688,-211.0521,41.47353,80,0,0,11.87273,294.2034,0.2305341
16,end,True,7.258356,-211.9417,41.07684,80,0,0,12.08273,294.9066,0.1344448
16,end,True,5.685902,-212.3439,41.50074,80,0,0,12.29351,295.3296,0.07697909
16,end,True,4.967868,-212.6886,41.96056,80,0,0,12.50237,295.7228,0.03900051
16,end,True,4.239237,-212.363,41.93307,80,0,0,12.70056,295.3853,0.04239439
16,end,True,3.889871,-212.1333,41.80764,80,0,0,12.90821,295.1354,0.0216984
16,end,True,3.864133,-212.1724,41.82513,80,0,0,13.14459,295.1762,0.0148177
16,end,True,3.848147,-212.132,41.83807,80,0,0,13.36963,295.1379,0.01326482
16,end,True,3.868592,-211.8874,41.74419,80,0,0,13.60232,294.8827,0.03024242
16,end,True,3.871369,-211.9797,41.7848,80,0,0,13.827,294.9798,0.008100051
16,end,True,3.863966,-211.9956,41.73854,80,0,0,14.05175,294.9889,0.007706768
16,end,True,3.877985,-212.0121,41.75623,80,0,0,14.28414,295.0079,0.006235518
16,end,True,3.882396,-212.013,41.77001,80,0,0,14.50886,295.0108,0.003898992
16,end,True,3.868461,-212.0085,41.78132,80,0,0,14.73345,295.0078,0.001265968
16,end,True,3.884792,-212.0368,41.77395,80,0,0,14.96632,295.035,0.02032149
16,end,True,3.89595,-212.0179,41.7807,80,0,0,15.19113,295.0174,0.006069706
16,end,True,3.902578,-212.0223,41.78062,80,0,0,15.41219,295.0219,0.00396954
16,end,True,3.902268,-212.0251,41.7838,80,0,0,15.60708,295.025,0.001185225
16,end,True,3.913641,-212.0457,41.76862,80,0,0,15.83162,295.0435,0.001650595
16,end,True,3.922415,-212.0379,41.78631,80,0,0,16.06622,295.0383,0.002323375
16,end,True,3.937674,-212.0447,41.76124,80,0,0,16.28901,295.0417,0.002147365
16,end,True,3.931773,-212.0235,41.77871,80,0,0,16.51224,295.0231,0.002230669
16,end,True,3.915596,-212.035,41.76974,80,0,0,16.73646,295.033,0.001690214
16,end,True,3.929329,-212.0471,41.76632,80,0,0,16.98532,295.0446,0.002256468
16,end,True,3.913403,-212.0387,41.76599,80,0,0,17.1834,295.0361,0.0008212642
16,end,True,3.924966,-212.019,41.7571,80,0,0,17.39149,295.0155,0.0005722592
16,end,True,3.929424,-212.019,41.76049,80,0,0,17.60023,295.0161,0.001566769
16,end,True,3.916955,-212.0268,41.78293,80,0,0,17.83683,295.0268,0.001425231
16,end,True,3.905046,-212.0496,41.77954,80,0,0,18.07338,295.0487,0.001231259
16,end,True,3.875291,-212.017,41.72525,80,0,0,18.3102,295.0084,0.002577285
16,end,True,3.887939,-212.0285,41.5759,80,0,0,18.51903,294.9988,0.004165322
16,end,True,3.912413,-212.0625,41.55612,80,0,0,18.72803,295.03,0.006996124
16,end,True,3.916192,-212.0452,41.68919,80,0,0,18.96425,295.0317,0.002516658
16,end,True,3.868926,-212.0074,41.67498,80,0,0,19.1893,294.9917,0.001877776
16,end,True,3.894877,-212.0229,41.70621,80,0,0,19.42175,295.0117,0.009608553
16,end,True,3.91444,-212.0432,41.70898,80,0,0,19.61901,295.0325,0.004869503
16,end,True,3.907049,-212.0268,41.71213,80,0,0,19.82765,295.0166,0.00315974
16,end,True,3.895998,-212.0256,41.7042,80,0,0,20.03658,295.0142,0.00430633
16,end,True,3.889871,-212.0159,41.71512,80,0,0,20.27084,295.006,0.00202772
16,end,True,3.890729,-212.0347,41.70582,80,0,0,20.49541,295.0234,0.001456841
16,end,True,3.903234,-212.035,41.71307,80,0,0,20.71984,295.0248,0.00343413
16,end,True,3.883135,-212.0403,41.69006,80,0,0,20.93947,295.0265,0.003695978
16,end,True,3.901732,-212.0524,41.69764,80,0,0,21.16184,295.0398,0.00256064
16,end,True,3.907776,-212.0539,41.70488,80,0,0,21.38503,295.0424,0.001697458
16,end,True,3.906608,-212.0408,41.71066,80,0,0,21.60826,295.0302,0.00248413
16,end,True,3.898346,-212.0446,41.71114,80,0,0,21.83255,295.034,0.002378701
16,end,True,3.898621,-212.0408,41.70598,80,0,0,22.04198,295.0296,0.00206792
16,end,True,3.897011,-212.0369,41.70383,80,0,0,22.2666,295.0253,0.00367159
16,end,True,3.905392,-212.046,41.68582,80,0,0,22.47216,295.0319,0.001875983
16,end,True,3.904474,-217.4901,25.50134,80,0,0,22.69878,298.6066,0.001291278
16,end,True,3.905869,-217.4996,25.49681,80,0,0,22.92121,298.6157,0.002547204
16,end,True,3.905082,-217.5195,25.50581,80,0,0,23.14188,298.6363,0.0006343751
16,end,True,3.912067,-217.4958,25.50376,80,0,0,23.36155,298.6126,0.002692498
16,end,True,3.914213,-217.511,25.48838,80,0,0,23.5846,298.6265,0.001167185
16,end,True,3.892601,-217.4889,25.47318,80,0,0,23.80727,298.6029,0.004114137
16,end,True,3.902078,-217.5066,25.4816,80,0,0,24.03,298.6214,0.002042972
16,end,True,3.904772,-217.4993,25.47994,80,0,0,24.25254,298.614,0.002855687
16,end,True,3.908992,-217.5041,25.47224,80,0,0,24.47537,298.6182,0.005311144
16,end,True,3.905618,-217.5118,25.47023,80,0,0,24.69808,298.6256,0.002281268
16,end,True,3.912878,-217.5055,25.46644,80,0,0,24.92086,298.6191,0.002881267
16,end,True,3.819203,-217.4268,25.40183,80,0,0,25.14383,298.534,0.03093805
16,end,True,3.896224,-217.4069,25.29589,80,0,0,25.36662,298.5061,0.01376872
16,end,True,6.019449,-214.9019,24.88774,80,0,0,25.58955,296.0114,0.5152399
16,end,True,18.81748,-212.9507,21.80562,80,0,0,25.83917,294.3632,0.8103771
16,end,True,37.39996,-214.72,19.59776,80,0,0,26.04589,297.7293,0.9133276
16,end,True,49.87612,-212.7321,17.06261,80,0,0,26.24705,297.4405,0.3124039
16,end,True,60.21933,-206.2286,14.49784,80,0,0,26.45836,292.8538,0.6946184
16,end,True,77.63681,-199.409,15.75927,80,0,0,26.68926,290.4224,0.8378186
16,end,True,88.92799,-196.9733,16.16908,80,0,0,26.89707,291.3483,0.4128202
16,end,True,91.57813,-202.7188,16.87419,80,0,0,27.10444,297.6596,0.4248211
16,end,True,93.80093,-213.2355,14.02268,80,0,0,27.31551,308.192,0.6491679
16,end,True,96.15192,-223.4991,7.480514,80,0,0,27.51291,318.4538,0.3826532
16,end,True,99.83788,-229.9091,3.799942,80,0,0,27.73319,325.6159,0.2394957
16,end,True,100.4523,-233.6041,2.972737,80,0,0,27.95589,329.3129,0.1453575
16,end,True,100.2598,-233.6525,0.1361489,80,0,0,28.17864,329.2871,0.1915407
16,end,True,100.666,-231.5055,-3.097308,80,0,0,28.40154,327.3819,0.121881
16,end,True,99.6405,-230.0481,-3.445858,80,0,0,28.62752,325.6838,0.1029741
16,end,True,98.59927,-227.9328,-3.723127,80,0,0,28.83426,323.3547,0.1040344
16,end,True,97.8365,-227.0384,-3.976828,80,0,0,29.05576,322.2737,0.0990746
16,end,True,99.32298,-224.0379,-2.533379,80,0,0,29.27851,319.8602,0.2975184
16,end,True,99.94598,-216.9987,0.08290708,80,0,0,29.50122,313.3647,0.3134881
16,end,True,95.82163,-215.7678,4.978438,80,0,0,29.73525,310.9424,0.2944472
16,end,True,95.89044,-217.4634,9.117438,80,0,0,29.96349,312.67,0.07127893
16,end,True,94.8778,-216.4853,9.434539,80,0,0,30.17258,311.4391,0.06695747
16,end,True,94.71825,-214.5421,10.69268,80,0,0,30.42034,309.5818,0.1313108
16,end,True,96.46979,-212.6917,12.2261,80,0,0,30.62918,308.4223,0.1166529
16,end,True,95.98431,-211.3484,11.7871,80,0,0,30.83817,306.9785,0.05560681
16,end,True,96.19489,-210.7691,11.47859,80,0,0,31.04682,306.4831,0.06131853
16,end,True,96.3663,-210.5726,10.80574,80,0,0,31.25568,306.3261,0.03065899
16,end,True,97.5848,-210.1839,10.35896,80,0,0,31.46457,306.3279,0.04712537
16,end,True,97.87634,-209.6783,9.665283,80,0,0,31.6734,305.9195,0.04202519
16,end,True,97.45671,-209.1199,9.928623,80,0,0,31.88175,305.265,0.03000511
16,end,True,95.31486,-209.8297,10.8297,80,0,0,32.09864,305.2924,0.2690896
16,end,True,95.55347,-211.4491,12.1577,80,0,0,32.31739,306.9541,0.1465525
16,end,True,97.09627,-212.8478,15.64285,80,0,0,32.53497,308.9211,0.2611435
16,end,True,100.6101,-213.2437,23.25997,80,0,0,32.74533,310.8943,0.398322
16,end,True,102.6534,-214.8413,25.47023,80,0,0,32.95425,313.2377,0.08587445
16,end,True,103.6773,-213.9612,20.56847,80,0,0,33.16301,312.3863,0.3117462
16,end,True,106.5605,-212.2934,16.81529,80,0,0,33.37194,311.5659,0.2919527
16,end,True,111.0144,-209.2254,13.10541,80,0,0,33.57983,310.0762,0.2756384
16,end,True,114.9078,-209.5954,9.889734,80,0,0,33.82186,311.7164,0.1897317
16,end,True,114.6974,-210.7579,9.574224,80,0,0,34.04156,312.7096,0.07436433
16,end,True,115.8026,-210.1078,8.689198,80,0,0,34.26451,312.4873,0.06866056
16,end,True,117.026,-209.2496,8.194309,80,0,0,34.49067,312.1339,0.1325615
16,end,True,119.0264,-207.7434,8.380145,80,0,0,34.69992,311.5024,0.2328482
16,end,True,116.0226,-207.1036,7.948609,80,0,0,34.92046,309.7627,0.4223639
16,end,True,112.7826,-205.6119,8.655371,80,0,0,35.14094,307.1954,0.06865638
16,end,True,112.2452,-205.7287,9.485602,80,0,0,35.36078,307.1317,0.03357942
16,end,True,112.3462,-205.7346,9.778823,80,0,0,35.58193,307.1833,0.02921797
16,end,True,113.0729,-205.1436,9.638913,80,0,0,35.80487,306.8961,0.2166999
16,end,True,118.945,-206.3443,11.54631,80,0,0,36.02729,310.2809,0.258165
16,end,True,123.9346,-209.0898,13.11942,80,0,0,36.24852,314.8091,0.4613542
16,end,True,142.6974,-205.544,13.28019,80,0,0,36.48797,319.4907,0.7163835
16,end,True,147.1432,-200.3109,12.63378,80,0,0,36.69305,316.8358,0.2849233
16,end,True,150.113,-198.069,12.53134,80,0,0,36.90425,316.2488,0.1523941
16,end,True,150.5882,-197.2673,12.61209,80,0,0,37.11484,315.7737,0.02101775
16,end,True,150.568,-196.8794,12.99167,80,0,0,37.32048,315.439,0.01808691
16,end,True,150.8276,-196.1565,13.09276,80,0,0,37.53044,314.933,0.04846263
16,end,True,150.9772,-195.5169,13.64336,80,0,0,37.74009,314.4676,0.07519374
16,end,True,151.1506,-195.5146,13.48132,80,0,0,37.94947,314.5418,0.08496937
16,end,True,151.287,-196.5402,11.06361,80,0,0,38.15867,315.4119,0.1840003
16,end,True,152.0234,-199.4654,6.508477,80,0,0,38.36877,318.205,0.3523992
16,end,True,151.7736,-203.5002,3.17903,80,0,0,38.57718,321.5862,0.2348214
16,end,True,149.3251,-206.5176,2.619498,80,0,0,38.78544,323.1056,0.3445941
16,end,True,144.6225,-206.4975,5.93099,80,0,0,39.00323,320.9855,0.1568134
16,end,True,144.2387,-205.6587,7.875237,80,0,0,39.21319,320.1058,0.05169946
16,end,True,144.232,-205.7924,7.771392,80,0,0,39.42291,320.2196,0.03523619
16,end,True,143.7178,-208.1651,8.399603,80,0,0,39.64478,322.1249,0.2058645
16,end,True,140.8669,-212.244,11.61355,80,0,0,39.85516,324.6305,0.3317705
16,end,True,138.2146,-216.9579,14.72055,80,0,0,40.06461,327.8779,0.2391896
16,end,True,137.3098,-218.9782,16.26823,80,0,0,40.27117,329.4034,0.07241429
16,end,True,143.4456,-216.4747,9.667725,80,0,0,40.51992,329.4956,0.8312861
16,end,True,150.0244,-201.238,0.7336095,80,0,0,40.73825,318.7518,0.9772801
16,end,True,150.7045,-176.7771,-0.966689,80,0,0,40.96769,297.7369,1.327621
16,end,True,149.722,-159.9707,-0.09160638,80,0,0,41.17085,282.8474,0.7189502
16,end,True,149.7792,-148.1046,-2.178341,80,0,0,41.37805,272.8924,0.5284281
16,end,True,148.261,-139.3427,-8.495718,80,0,0,41.58822,264.8862,0.5856805
16,end,True,150.3419,-127.4277,-20.49279,80,0,0,41.79564,256.9997,0.9423082
16,end,True,154.0741,-118.4161,-31.52825,80,0,0,42.0052,253.1833,0.6304254
16,end,True,148.8306,-107.1876,-39.29006,80,0,0,42.21404,242.3498,0.7753492
16,end,True,147.0869,-84.34152,-40.19208,80,0,0,42.42411,224.1832,1.158579
16,end,True,152.1351,-61.13312,-38.73085,80,0,0,42.6239,211.1012,0.8314993
16,end,True,152.3005,-35.89346,-38.46313,80,0,0,42.85189,195.208,1.19354
16,end,True,148.6494,-6.904769,-42.68967,80,0,0,43.07376,177.402,1.450048
16,end,True,152.9472,20.40231,-44.15029,80,0,0,43.29752,169.9823,1.210997
16,end,True,146.9803,48.4446,-42.92084,80,0,0,43.52184,156.3366,1.309766
16,end,True,151.511,77.78976,-37.91901,80,0,0,43.74624,156.1996,1.240266
16,end,True,151.7035,104.2501,-35.19088,80,0,0,43.97064,157.6084,1.235701
16,end,True,148.8036,134.1826,-35.7149,80,0,0,44.19515,162.3387,1.435457
16,end,True,151.8953,160.4301,-31.11144,80,0,0,44.41966,174.6686,1.147691
16,end,True,146.0459,186.2163,-22.36315,80,0,0,44.64354,181.9655,1.312324
16,end,True,150.1379,211.7141,-12.73972,80,0,0,44.85366,200.1306,0.9518468
16,end,True,151.994,235.7017,-7.627547,80,0,0,45.06438,217.7232,1.173442
16,end,True,149.3563,259.2871,-6.708395,80,0,0,45.27477,233.4442,1.104557
16,end,True,154.133,280.4458,-3.312743,80,0,0,45.4847,252.8764,0.9529703
16,end,True,152.3596,298.587,2.889478,80,0,0,45.69341,266.4622,0.9305173
16,end,True,153.0427,315.0226,9.209002,80,0,0,45.90242,280.6109,0.8116783
16,end,True,155.3286,328.2992,10.39947,80,0,0,46.10213,293.0659,0.5614879
16,end,True,155.1373,339.0157,7.977664,80,0,0,46.31991,302.0272,0.6289911
16,end,True,154.9271,344.7203,5.83576,80,0,0,46.52833,306.779,0.3032213
16,end,True,155.0367,347.3414,5.176866,80,0,0,46.73064,309.0868,0.07559586
16,end,True,157.302,346.7993,5.522573,80,0,0,46.94605,309.7682,0.1785204
16,end,True,163.6661,347.3225,6.469953,80,0,0,47.16047,313.512,0.1881103
16,end,True,164.0454,344.6273,7.119739,80,0,0,47.38032,311.4308,0.1513428
16,end,True,159.1272,344.5174,9.163225,80,0,0,47.59161,308.8283,0.4077168
16,end,True,146.4464,344.4476,17.36568,80,0,0,47.83718,302.7881,0.8756459
16,end,True,130.3601,326.8889,28.12766,80,0,0,48.07517,280.6048,1.250212
16,end,True,126.1422,299.8985,27.76665,80,0,0,48.30584,255.0259,1.163978
16,end,True,125.7527,268.9322,24.4172,80,0,0,48.56564,228.2659,1.163386
16,end,True,126.7356,244.2123,22.81765,80,0,0,48.79235,208.6822,1.04204
16,end,True,128.6564,223.7473,17.49338,80,0,0,49.01355,193.7054,1.011788
16,end,True,122.8539,199.1178,6.942976,80,0,0,49.22973,171.261,1.317531
16,end,True,130.1698,166.6322,-5.499685,80,0,0,49.47557,156.4595,1.491739
16,end,True,129.7042,135.0103,-14.2614,80,0,0,49.72475,141.6076,1.659249
16,end,True,130.2016,105.9693,-21.06801,80,0,0,49.96472,134.4274,1.048806
16,end,True,128.5945,78.10876,-33.94658,80,0,0,50.22337,133.0131,1.354144
16,end,True,129.8409,52.47443,-46.36773,80,0,0,50.43437,140.5926,1.317613
16,end,True,136.1702,26.23699,-55.505,80,0,0,50.64286,156.5682,1.37368
16,end,True,147.2493,-1.914716,-63.26789,80,0,0,50.85166,179.9867,1.317156
16,end,True,154.4117,-23.03093,-68.81368,80,0,0,51.06007,197.9739,1.494905
16,end,True,149.5507,-42.15132,-75.81857,80,0,0,51.28686,207.4483,1.139655
16,end,True,150.544,-68.23727,-86.21479,80,0,0,51.51406,228.1902,1.294167
16,end,True,151.8959,-94.75778,-90.22044,80,0,0,51.73671,248.5003,1.231211
16,end,True,146.332,-121.0261,-90.34766,80,0,0,51.96067,264.551,1.143804
16,end,True,150.2268,-141.8849,-92.20024,80,0,0,52.1848,283.3759,0.8253505
16,end,True,147.391,-157.9219,-96.12843,80,0,0,52.40871,295.925,0.7065975
16,end,True,145.3548,-172.6697,-104.0657,80,0,0,52.6331,309.5153,0.7839081
16,end,True,145.1509,-185.5039,-108.4592,80,0,0,52.82923,321.4413,0.6302091
16,end,True,144.2207,-198.2098,-110.5881,80,0,0,53.04097,332.3102,0.6273213
16,end,True,142.3504,-212.069,-109.3075,80,0,0,53.26196,342.8062,0.7369871
16,end,True,140.6156,-227.0041,-107.4503,80,0,0,53.47255,354.3583,0.6994767
16,end,True,138.1012,-235.6011,-108.8619,80,0,0,53.68013,361.285,0.2965588
16,end,True,137.8143,-238.7173,-109.8633,80,0,0,53.91416,364.2024,0.05538778
16,end,True,137.5479,-239.6343,-109.3242,80,0,0,54.15322,364.7427,0.09025793
16,end,True,138.8797,-236.9689,-107.5586,80,0,0,54.3636,362.3889,0.2654503
16,end,True,139.314,-231.1892,-106.0716,80,0,0,54.57281,357.0691,0.2558623
16,end,True,140.9417,-224.9249,-106.7731,80,0,0,54.78148,352.4829,0.5122411
16,end,True,141.937,-211.9938,-107.8964,80,0,0,54.99208,342.1229,0.6854648
16,end,True,147.8871,-196.996,-104.9998,80,0,0,55.2084,331.0927,1.244376
16,end,True,153.3221,-180.4938,-98.78818,80,0,0,55.43323,317.9996,0.7706434
16,end,True,154.7628,-166.08,-89.05472,80,0,0,55.69182,304.0356,0.5572808
16,end,True,156.9986,-159.3504,-82.64526,80,0,0,55.92233,297.9386,0.3040976
16,end,True,155.5652,-155.3503,-80.41869,80,0,0,56.14737,293.3555,0.2996202
16,end,True,155.1508,-150.5958,-81.59698,80,0,0,56.36692,289.6624,0.2568042
16,end,True,155.2845,-147.7305,-84.26938,80,0,0,56.59622,288.2287,0.1377255
16,end,True,155.7375,-147.594,-84.42686,80,0,0,56.86829,288.4113,0.02086821
16,end,True,155.8807,-147.9901,-84.30949,80,0,0,57.08256,288.767,0.03061046
16,end,True,156.0667,-148.7725,-83.82726,80,0,0,57.31155,289.3453,0.09986304
16,end,True,155.9894,-152.1925,-78.91992,80,0,0,57.55607,290.6449,0.2965746
16,end,True,155.4772,-158.112,-80.7731,80,0,0,57.78666,295.6261,0.2915182
16,end,True,155.3447,-160.4529,-86.71998,80,0,0,58.01378,299.1152,0.2631791
16,end,True,155.1805,-160.0776,-90.25851,80,0,0,58.23428,299.7747,0.08534205
16,end,True,154.8856,-160.0374,-89.88548,80,0,0,58.44537,299.4777,0.1750844
16,end,True,149.2351,-166.9778,-83.20063,80,0,0,58.65318,300.3189,0.8226461
16,end,True,137.6495,-170.3543,-69.28523,80,0,0,58.89657,293.9815,0.7670912
16,end,True,133.1256,-163.8531,-59.14915,80,0,0,59.11697,284.0517,0.5230528
16,end,True,128.095,-161.2748,-51.38199,80,0,0,59.33787,277.9604,0.5319318
16,end,True,120.9467,-163.7388,-47.70752,80,0,0,59.5374,276.2475,0.3727033
16,end,True,115.5563,-169.1654,-41.60014,80,0,0,59.78433,277.7899,0.5486601
16,end,True,116.255,-173.6532,-32.48349,80,0,0,60.00494,280.9099,0.4288643
16,end,True,112.8721,-174.7463,-21.72071,80,0,0,60.22297,279.4774,0.6761956
16,end,True,109.2343,-172.865,-11.41488,80,0,0,60.47375,275.6866,0.3104912
16,end,True,113.8125,-172.1285,2.602094,80,0,0,60.70441,276.6385,0.7982708
16,end,True,117.2482,-168.7397,13.29088,80,0,0,60.91616,275.3093,0.4824454
16,end,True,118.1089,-166.0535,16.0028,80,0,0,61.13873,273.4011,0.1076689
16,end,True,117.7558,-166.0286,16.77433,80,0,0,61.36108,273.2725,0.04304602
16,end,True,120.8388,-166.5264,18.1546,80,0,0,61.57084,275.1488,0.1323669
16,end,True,123.3472,-169.0224,20.75264,80,0,0,61.7948,278.6708,0.25568
16,end,True,126.7422,-176.3791,23.1244,80,0,0,62.04351,286.9296,0.4088072
16,end,True,126.7516,-182.8738,24.74704,80,0,0,62.26534,292.8839,0.2849642
16,end,True,122.7372,-188.1547,26.70094,80,0,0,62.48691,296.1153,0.3272161
16,end,True,111.213,-191.7047,29.24096,80,0,0,62.70577,295.037,0.7623876
16,end,True,97.66312,-188.5444,33.9075,80,0,0,62.97291,287.7566,0.431405
16,end,True,94.23243,-184.4853,38.07787,80,0,0,63.17995,283.3411,0.2157631
16,end,True,95.6747,-183.6983,39.9887,80,0,0,63.38696,283.3541,0.1390787
16,end,True,101.7734,-187.7562,39.55804,80,0,0,63.59462,289.1644,0.6078717
16,end,True,121.463,-192.2859,39.76167,80,0,0,63.8084,300.7887,1.012628
16,end,True,139.2263,-189.9902,40.01006,80,0,0,64.03876,306.3976,0.6153786
16,end,True,148.7314,-184.2229,39.91144,80,0,0,64.26759,305.823,0.3012229
16,end,True,148.9044,-181.9238,39.60661,80,0,0,64.49126,303.8837,0.07953717
16,end,True,148.6441,-180.541,40.6042,80,0,0,64.71639,302.6968,0.09095573
16,end,True,147.0984,-179.3567,39.6381,80,0,0,64.9395,300.7906,0.169488
16,end,True,146.578,-177.8795,39.02583,80,0,0,65.16225,299.1821,0.3000877
16,end,True,146.6935,-176.071,39.23168,80,0,0,65.38371,297.7087,0.08542026
16,end,True,147.5679,-175.3239,38.66179,80,0,0,65.60593,297.4245,0.197575
16,end,True,147.9372,-174.6979,40.37616,80,0,0,65.82836,297.2989,0.09954014
16,end,True,148.3963,-174.5465,40.9514,80,0,0,66.05088,297.4767,0.05063564
16,end,True,149.178,-174.5645,41.24257,80,0,0,66.27303,297.923,0.05404067
16,end,True,150.3167,-175.0715,41.92059,80,0,0,66.49532,299.0216,0.07352942
16,end,True,150.9171,-175.5735,42.87292,80,0,0,66.71919,299.8864,0.0636642
16,end,True,150.888,-176.4722,43.02605,80,0,0,66.93744,300.66,0.03944739
16,end,True,151.0186,-177.3065,43.24077,80,0,0,67.165,301.4681,0.05870917
16,end,True,151.579,-177.5356,44.05384,80,0,0,67.38719,302.0621,0.05907012
16,end,True,152.4568,-177.3428,44.00962,80,0,0,67.61074,302.333,0.06009816
16,end,True,153.6916,-176.7752,43.89498,80,0,0,67.8347,302.4588,0.0462176
16,end,True,155.2263,-175.5311,43.40017,80,0,0,68.05898,302.1174,0.0944109
16,end,True,155.6943,-174.1985,43.11288,80,0,0,68.26964,301.1915,0.06981391
16,end,True,156.5878,-172.4391,43.18325,80,0,0,68.48109,300.1833,0.09869337
16,end,True,156.7743,-170.7946,42.82941,80,0,0,68.69203,298.8486,0.0669954
16,end,True,157.0307,-169.4608,42.59041,80,0,0,68.90028,297.831,0.06729174
16,end,True,157.0279,-168.3703,42.22878,80,0,0,69.10889,296.865,0.0512168
16,end,True,156.5251,-167.879,41.82127,80,0,0,69.31606,296.1302,0.06948724
16,end,True,155.714,-167.8904,41.16139,80,0,0,69.52406,295.6193,0.0612451
16,end,True,155.3266,-167.5924,39.98631,80,0,0,69.73202,295.0038,0.05444821
16,end,True,155.2308,-167.4016,38.57725,80,0,0,69.93953,294.6054,0.06651326
16,end,True,155.3774,-167.7859,37.15121,80,0,0,70.19981,294.8224,0.07437477
16,end,True,155.5182,-168.6057,36.47279,80,0,0,70.41913,295.5012,0.06932383
16,end,True,155.9463,-168.3334,35.52813,80,0,0,70.64437,295.3827,0.03977312
16,end,True,156.5967,-167.9173,35.05912,80,0,0,70.86682,295.3213,0.05194699
16,end,True,157.9695,-167.7682,35.89826,80,0,0,71.08282,296.0273,0.0630192
16,end,True,158.5244,-167.4464,36.91859,80,0,0,71.29337,296.1802,0.03755676
16,end,True,158.8442,-167.3663,37.37621,80,0,0,71.50504,296.342,0.01408981
16,end,True,158.8391,-167.1809,37.33717,80,0,0,71.71387,296.1796,0.05582267
16,end,True,158.8165,-167.1687,37.57328,80,0,0,71.92178,296.1871,0.07970281
16,end,True,158.9401,-167.8645,37.43195,80,0,0,72.13152,296.8163,0.06536138
16,end,True,157.6644,-168.6884,37.41703,80,0,0,72.34044,296.8232,0.09531743
16,end,True,157.5328,-169.3119,37.68888,80,0,0,72.54744,297.3104,0.05347872
16,end,True,156.5819,-171.0585,37.73966,80,0,0,72.7577,298.2827,0.08156112
16,end,True,155.9109,-172.172,38.04565,80,0,0,72.96496,298.9087,0.07209256
16,end,True,155.1325,-172.8275,38.12491,80,0,0,73.1735,299.0674,0.03842072
16,end,True,154.1229,-173.7682,38.18719,80,0,0,73.3828,299.35,0.1305071
16,end,True,149.7374,-174.1535,38.1351,80,0,0,73.58821,297.4383,0.1683756
16,end,True,146.834,-177.3432,36.7711,80,0,0,73.81999,298.5596,0.15827
16,end,True,146.4651,-178.5138,35.08068,80,0,0,74.05912,299.1856,0.05733647
16,end,True,147.3911,-177.9239,32.17518,80,0,0,74.26858,298.8044,0.1486354
16,end,True,152.1707,-175.5383,28.2394,80,0,0,74.47744,298.7527,0.3989448
16,end,True,156.9222,-173.9354,31.29205,80,0,0,74.69707,300.1449,0.2933232
16,end,True,157.8682,-176.7012,39.22268,80,0,0,74.91705,303.9018,0.3812892
16,end,True,158.3123,-175.9259,47.20551,80,0,0,75.13542,304.6132,0.3866243
16,end,True,159.2626,-172.5212,56.11554,80,0,0,75.35596,303.777,0.4729558
16,end,True,160.1545,-168.9885,66.28735,80,0,0,75.58814,303.3789,0.5959359
16,end,True,159.767,-164.9084,73.81954,80,0,0,75.79361,301.5873,0.3577484
16,end,True,159.9005,-161.5636,77.31589,80,0,0,76.00417,299.8315,0.1726488
16,end,True,159.213,-161.2894,79.16761,80,0,0,76.21227,299.728,0.1222297
16,end,True,158.1978,-161.1152,80.30492,80,0,0,76.41982,299.3527,0.07031997
16,end,True,157.9256,-161.1621,81.68769,80,0,0,76.62885,299.6206,0.1386075
16,end,True,158.4074,-161.2959,80.51752,80,0,0,76.83868,299.666,0.05241165
16,end,True,158.4523,-161.6274,80.6454,80,0,0,77.04569,299.991,0.03716698
16,end,True,158.4376,-162.0311,80.92545,80,0,0,77.25588,300.3839,0.08707011
16,end,True,158.4762,-162.1791,81.16763,80,0,0,77.46495,300.5888,0.07248218
16,end,True,158.6945,-162.3067,80.91053,80,0,0,77.67367,300.7374,0.04756215
16,end,True,158.2263,-161.6338,80.87707,80,0,0,77.88127,299.9392,0.08266153
16,end,True,158.0496,-159.7929,80.28902,80,0,0,78.09064,298.2057,0.1433962
16,end,True,156.3219,-157.9058,80.22301,80,0,0,78.29975,295.7557,0.1577553
16,end,True,155.5159,-155.0827,77.87998,80,0,0,78.50849,292.4284,0.2074235
16,end,True,155.0444,-154.4784,71.66864,80,0,0,78.71597,290.0952,0.3385735
16,end,True,156.1806,-160.8363,61.96005,80,0,0,78.97265,293.6555,0.4280279
16,end,True,155.4538,-169.0116,55.00925,80,0,0,79.21201,298.6615,0.2980668
16,end,True,154.8754,-171.3093,52.90093,80,0,0,79.44055,299.9021,0.09866069
16,end,True,154.216,-169.0058,52.22869,80,0,0,79.6673,297.5135,0.214992
16,end,True,155.0146,-165.4203,50.56668,80,0,0,79.89166,294.6484,0.2425127
16,end,True,156.2637,-164.6073,45.51874,80,0,0,80.10898,293.8078,0.271654
16,end,True,157.3967,-161.9752,42.88612,80,0,0,80.32837,291.8303,0.1192166
16,end,True,156.6314,-164.3715,44.12786,80,0,0,80.54798,293.5952,0.1746143
16,end,True,157.4761,-165.9167,44.98024,80,0,0,80.8169,295.4606,0.06766309
16,end,True,157.4883,-166.0937,46.68579,80,0,0,81.02812,295.8788,0.07693423
16,end,True,158.4773,-166.9531,48.62064,80,0,0,81.23571,297.4304,0.09168292
16,end,True,158.3903,-166.6299,48.90311,80,0,0,81.44583,297.1621,0.05580046
16,end,True,158.529,-166.4414,48.54642,80,0,0,81.65463,297.0211,0.01542068
16,end,True,158.2766,-166.4499,48.5503,80,0,0,81.86809,296.8942,0.01961345
16,end,True,158.0499,-166.9222,49.30283,80,0,0,82.10233,297.2896,0.03889675
16,end,True,158.0799,-166.9699,49.21745,80,0,0,82.33807,297.3311,0.02072601
16,end,True,157.7146,-166.8628,49.86638,80,0,0,82.56469,297.1562,0.05893679
16,end,True,157.7961,-167.471,50.32795,80,0,0,82.78824,297.7824,0.02414457
16,end,True,157.7481,-167.7362,49.99269,80,0,6.848922,83.01092,294.3519,0.02134838
16,Above_Eyes,True,157.931,-168.092,50.07877,80,0,26.48434,83.23356,285.1942,0.01570675
16,Above_Eyes,True,157.9983,-168.6185,49.86607,80,0,54.80313,83.45695,273.7645,0.03494289
16,Above_Eyes,True,158.3057,-169.5053,49.61639,80,0,88.12128,83.68084,263.8949,0.03952239
16,Above_Eyes,True,158.2934,-169.9025,48.94667,80,0,122.405,83.90283,257.1673,0.0524626
16,Above_Eyes,True,158.4193,-170.3065,47.53833,80,0,152.9487,84.12585,254.8394,0.08379122
16,Above_Eyes,True,158.2723,-170.8306,46.27135,80,0,176.5609,84.34904,255.7176,0.03083269
16,Above_Eyes,True,158.4469,-169.8089,44.72982,80,0,189.0036,84.5712,255.6149,0.1182061
16,Above_Eyes,True,157.9488,-167.1936,39.73406,80,0,190,84.79462,252.4099,0.379043
16,Above_Eyes,True,156.2011,-165.9777,32.03391,80,0,190,85.02142,250.3469,0.3101371
16,Above_Eyes,True,154.593,-165.5504,27.675,80,0,190,85.24358,249.6288,0.1565025
16,Above_Eyes,True,152.5942,-165.2354,26.47316,80,0,190,85.46988,249.4803,0.1152486
16,Above_Eyes,True,152.0547,-169.715,28.52456,80,0,190,85.69676,254.1871,0.2996157
16,Above_Eyes,True,151.5432,-177.0997,31.34384,80,0,190,85.91957,261.8427,0.3652821
16,Above_Eyes,True,150.7223,-184.4309,33.87701,80,0,190,86.12994,269.47,0.3666046
16,Above_Eyes,True,149.8541,-189.1406,35.01604,80,0,190,86.34096,274.3619,0.1313161
16,Above_Eyes,True,149.7725,-189.8947,34.92119,80,0,190,86.5507,275.1016,0.02347933
16,Above_Eyes,True,149.702,-190.5058,34.7131,80,0,190,86.75918,275.6852,0.02664285
16,Above_Eyes,True,149.8428,-190.2951,34.32205,80,0,190,86.96748,275.4089,0.0402789
16,Above_Eyes,True,150.0098,-189.7737,33.42604,80,0,190,87.17603,274.7624,0.07596756
16,Above_Eyes,True,150.8439,-187.5761,30.16332,80,0,190,87.38417,272.1029,0.2438928
16,Above_Eyes,True,151.7013,-184.0294,25.90177,80,0,190,87.60584,268.047,0.3782208
16,Above_Eyes,True,153.6874,-177.8441,20.31883,80,0,190,87.82342,261.1801,0.4536134
16,Above_Eyes,True,156.9408,-168.6916,18.01415,80,0,190,88.0442,251.5252,0.4210142
16,Above_Eyes,True,157.7646,-166.7191,23.62703,80,0,190,88.2635,249.9354,0.2560141
16,Above_Eyes,True,158.5097,-166.7142,29.65951,80,0,190,88.50309,250.478,0.2279231
16,Above_Eyes,True,158.7169,-162.6001,34.99743,80,0,190,88.71485,247.0998,0.4116748
16,Above_Eyes,True,157.82,-152.159,42.76751,80,0,190,88.92354,238.2486,0.7916416
16,Above_Eyes,True,156.1168,-137.4336,56.23853,80,0,190,89.13188,227.1304,0.9334976
16,Above_Eyes,True,155.9724,-122.8815,69.07628,80,0,190,89.34258,217.003,0.9782981
16,Above_Eyes,True,152.955,-102.5162,79.63435,80,0,190,89.59484,202.5491,1.242987
16,Above_Eyes,True,152.9882,-74.47514,86.11543,80,0,190,89.84722,180.6884,0.9569302
16,Above_Eyes,True,156.3703,-49.91577,92.80858,80,0,190,90.0855,163.164,1.058744
16,Above_Eyes,True,152.6899,-25.9074,100.3747,80,0,190,90.31165,150.6104,1.181296
16,Above_Eyes,True,156.6609,0.5007029,106.8777,80,0,190,90.53626,137.3116,1.072027
16,Above_Eyes,True,157.6325,24.46759,107.718,80,0,190,90.76043,125.438,1.079883
16,Above_Eyes,True,156.0607,49.8976,103.4913,80,0,190,90.98259,112.9977,1.28658
16,Above_Eyes,True,160.5102,75.77512,101.4474,80,0,190,91.20493,105.7311,1.230714
16,Above_Eyes,True,155.9895,103.9736,102.603,80,0,190,91.43121,110.7196,1.311343
16,Above_Eyes,True,157.2608,132.7946,102.142,80,0,190,91.6567,119.5497,1.153422
16,Above_Eyes,True,158.2132,157.9689,94.72531,80,0,190,91.89459,126.7377,0.8213279
16,Above_Eyes,True,154.6886,181.7251,82.90537,80,0,190,92.11912,135.8978,1.312239
16,Above_Eyes,True,158.1234,202.7948,75.4521,80,0,190,92.32993,147.6066,1.070707
16,Above_Eyes,True,156.7552,222.6373,72.28967,80,0,190,92.54009,163.3291,1.048366
16,Above_Eyes,True,154.5591,247.3863,65.99144,80,0,190,92.74865,183.3824,1.358585
16,Above_Eyes,True,158.3515,270.0558,57.73104,80,0,190,92.95984,201.136,1.073765
16,Above_Eyes,True,156.4237,290.8599,47.61661,80,0,190,93.18261,218.7615,1.474232
16,Above_Eyes,True,155.721,310.868,36.37465,80,0,190,93.39413,236.2164,1.035008
16,Above_Eyes,True,158.0693,327.9388,28.8843,80,0,190,93.6192,251.6496,0.6731824
16,Above_Eyes,True,157.033,337.1872,25.49251,80,0,190,93.83652,260.5416,0.2841648
16,Above_Eyes,True,156.6078,340.7359,24.64889,80,0,190,94.05919,264.0186,0.100057
16,Above_Eyes,True,157.7241,341.9853,28.47298,80,0,190,94.28203,265.4972,0.4544325
16,Above_Eyes,True,158.6652,338.1016,39.21784,80,0,190,94.50493,262.9379,0.5200872
16,Above_Eyes,True,158.1323,333.5944,49.96623,80,0,190,94.71135,260.4272,0.6184456
16,Above_Eyes,True,157.3622,327.3126,65.16932,80,0,190,94.92144,257.829,0.8466073
16,Above_Eyes,True,157.4139,324.4245,79.84608,80,0,190,95.13096,259.1922,0.6099866
16,Above_Eyes,True,157.4224,325.8515,90.33112,80,0,190,95.33957,263.9393,0.5090084
16,Above_Eyes,True,157.6755,329.698,99.24978,80,0,190,95.54913,270.6371,0.4313119
16,Above_Eyes,True,159.4392,331.327,110.133,80,0,190,95.75873,276.0951,0.5742555
16,Above_Eyes,True,158.4397,332.3326,122.5925,80,0,190,95.96717,282.3061,0.621486
16,Above_Eyes,True,157.8107,333.0005,134.0877,80,0,190,96.17882,288.1405,0.3397293
16,Above_Eyes,True,158.9173,331.4945,137.7507,80,0,190,96.40279,288.4283,0.2776648
16,Above_Eyes,True,158.9548,318.3062,135.3253,80,0,190,96.63234,275.8018,0.6231585
16,Above_Eyes,True,159.3491,302.0582,138.8123,80,0,190,96.90511,263.663,0.6880307
16,Above_Eyes,True,158.6994,287.0197,143.1578,80,0,190,97.10925,253.6357,0.8425843
16,Above_Eyes,True,157.3919,268.9564,149.6478,80,0,190,97.31743,243.2329,0.9154316
16,Above_Eyes,True,159.0621,250.5069,152.3788,80,0,190,97.52762,230.7575,0.921869
16,Above_Eyes,True,151.6965,230.9969,152.512,80,0,190,97.73774,218.0072,1.00233
16,Above_Eyes,True,153.9603,203.7184,147.3357,80,0,190,97.97311,195.7369,1.307678
16,Above_Eyes,True,154.4349,178.8247,145.1405,80,0,190,98.22328,179.1562,1.031933
16,Above_Eyes,True,149.8864,153.9153,144.2467,80,0,190,98.43215,166.9722,1.297963
16,Above_Eyes,True,154.5764,125.7815,141.4729,80,0,190,98.65799,152.8573,1.066341
16,Above_Eyes,True,154.321,102.0703,134.7177,80,0,190,98.86927,141.099,1.228624
16,Above_Eyes,True,151.8817,75.33443,123.6335,80,0,190,99.0835,129.4605,1.410776
16,Above_Eyes,True,155.9494,50.44887,114.824,80,0,190,99.29436,123.3583,1.240349
16,Above_Eyes,True,152.4229,23.43218,101.0892,80,0,190,99.54915,121.7826,1.081901
16,Above_Eyes,True,157.0483,1.13914,87.14909,80,0,190,99.77448,122.0648,1.105214
16,Above_Eyes,True,158.0237,-17.40489,72.40507,80,0,190,99.99953,125.5097,1.1618
16,Above_Eyes,True,154.8814,-39.24939,51.92847,80,0,190,100.2243,134.723,1.521465
16,Above_Eyes,True,155.5391,-66.23537,35.11909,80,0,190,100.4467,154.2909,1.279405
16,Above_Eyes,True,151.9294,-89.46378,19.64031,80,0,190,100.6711,174.7944,1.314105
16,Above_Eyes,True,153.759,-110.4154,1.440573,80,0,190,100.8953,193.8389,1.164085
16,Above_Eyes,True,153.1027,-125.4094,-19.05162,80,0,190,101.1186,209.5648,1.151007
16,Above_Eyes,True,152.2926,-140.4857,-42.94256,80,0,190,101.3427,227.7715,1.283648
16,Above_Eyes,True,154.3357,-154.5905,-61.65587,80,0,190,101.5657,245.1655,0.9752443
16,Above_Eyes,True,151.1438,-168.8723,-76.53489,80,0,190,101.7904,263.2581,0.9599839
16,Above_Eyes,True,151.6677,-183.0238,-89.54218,80,0,190,102.001,280.4794,0.6328351
16,Above_Eyes,True,151.5,-194.6078,-103.2361,80,0,190,102.2251,295.8874,0.8067703
16,Above_Eyes,True,149.6915,-205.6044,-115.9077,80,0,190,102.4362,310.8524,0.8288241
16,Above_Eyes,True,147.1712,-215.8799,-126.0275,80,0,190,102.647,324.4413,0.5737677
16,Above_Eyes,True,144.484,-221.3057,-131.0005,80,0,190,102.8585,331.6896,0.2594616
16,Above_Eyes,True,143.7958,-224.0477,-132.6362,80,0,190,103.0664,334.9211,0.1339369
16,Above_Eyes,True,143.9823,-224.9895,-131.9394,80,0,190,103.2763,335.4761,0.0880421
16,Above_Eyes,True,144.9796,-224.3213,-129.0907,80,0,190,103.4851,333.6206,0.1858936
16,Above_Eyes,True,148.1669,-220.8401,-119.5804,80,0,190,103.694,326.4265,0.6906197
16,Above_Eyes,True,151.4111,-210.6798,-105.4891,80,0,190,103.91,311.6277,1.15431
16,Above_Eyes,True,152.9501,-197.5931,-92.23741,80,0,190,104.1187,294.8531,0.8743034
16,Above_Eyes,True,154.3908,-184.7735,-79.48727,80,0,190,104.3671,278.7315,0.601152
16,Above_Eyes,True,157.0696,-176.9251,-69.22019,80,0,190,104.5958,268.1163,0.5540087
16,Above_Eyes,True,157.8897,-170.8277,-61.59017,80,0,190,104.8189,260.2671,0.3576542
16,Above_Eyes,True,160.4594,-173.5901,-48.42044,80,0,190,105.0628,259.856,0.4899754
16,Above_Eyes,True,161.5822,-175.5972,-36.19986,80,0,190,105.3238,259.7074,0.3630124
16,Above_Eyes,True,161.0369,-172.5116,-30.43158,80,0,190,105.534,255.9825,0.351384
16,Above_Eyes,True,159.9364,-167.3001,-27.59629,80,0,190,105.732,250.6446,0.2352737
16,Above_Eyes,True,160.3706,-161.0916,-25.54398,80,0,190,105.9576,244.2449,0.2912379
16,Above_Eyes,True,161.4965,-157.4803,-22.924,80,0,190,106.1819,240.2807,0.1664265
16,Above_Eyes,True,161.5252,-157.663,-20.41749,80,0,189.9956,106.4053,240.2314,0.1255209
16,Above_Eyes,True,161.404,-157.8504,-18.43014,80,0,178.8317,106.627,239.1991,0.07791431
16,end,True,160.4512,-157.2245,-17.50684,80,0,151.5634,106.8505,238.0356,0.07632851
16,end,True,159.7211,-156.4568,-17.56626,80,0,115.3164,107.0715,241.2305,0.06600041
16,end,True,158.4774,-154.8837,-17.5842,80,0,76.13094,107.2932,249.5205,0.09458343
16,end,True,156.8701,-153.8119,-17.28658,80,0,39.94467,107.515,261.9893,0.1362372
16,end,True,156.2413,-152.4724,-18.14841,80,0,12.42226,107.7386,273.9648,0.07604922
16,end,True,155.312,-151.1479,-18.91625,80,0,0.1607656,107.9616,279.0323,0.07820111
16,end,True,154.7963,-149.6909,-20.18888,80,0,0,108.1847,277.7182,0.080956
16,end,True,154.2814,-149.1419,-21.69954,80,0,0,108.4075,277.0914,0.07475781
16,end,True,154.3099,-149.1329,-22.24995,80,0,0,108.6396,277.1435,0.0340826
16,end,True,154.6056,-148.3508,-19.04559,80,0,0,108.8461,276.423,0.2280882
16,end,True,154.3499,-146.792,-11.07052,80,0,0,109.0536,274.5561,0.4834608
16,end,True,155.3388,-142.6082,0.8647442,80,0,0,109.2637,271.4503,0.6307188
16,end,True,154.0118,-136.1133,10.17645,80,0,0,109.4732,265.5713,0.4599181
16,end,True,153.5478,-133.7151,15.34739,80,0,0,109.6811,263.6031,0.2603814
16,end,True,153.8606,-135.5974,20.20092,80,0,0,109.8913,265.6377,0.2525836
16,end,True,154.3824,-138.7846,23.07124,80,0,0,110.0986,268.7618,0.2260208
16,end,True,154.3007,-145.369,28.97314,80,0,0,110.3086,274.6622,0.524123
16,end,True,154.5311,-153.3575,35.20642,80,0,0,110.5165,282.0905,0.4440643
16,end,True,156.1274,-156.6588,42.23083,80,0,0,110.725,286.6472,0.3891039
16,end,True,157.0719,-156.5907,48.84891,80,0,0,110.9332,288.1544,0.306687
16,end,True,157.2141,-152.4053,56.49424,80,0,0,111.1448,286.2168,0.4682002
16,end,True,156.7012,-143.504,64.64594,80,0,0,111.4093,280.5146,0.4067166
16,end,True,155.4787,-137.0988,69.72932,80,0,0,111.6748,275.985,0.2557727
16,end,True,155.6343,-133.715,73.6889,80,0,0,111.9135,274.4562,0.1644401
16,end,True,155.8094,-134.9085,75.31941,80,0,0,112.174,275.9262,0.05554006
16,end,True,155.9816,-135.7756,75.5877,79.99999,0,0.01731809,112.4145,276.7624,0.04384564
16,Eye_Level,True,155.5955,-137.3325,75.81723,80,0,14.00438,112.6404,270.2401,0.08377196
16,Eye_Level,True,155.4741,-140.8596,73.62199,80,0,43.72585,112.8652,258.2379,0.2141711
16,Eye_Level,True,155.471,-142.6501,73.33476,80,0,80.69647,113.0888,246.0534,0.07615434
16,Eye_Level,True,155.8257,-144.3726,73.10149,80,0,116.2606,113.3126,239.2745,0.113547
16,Eye_Level,True,155.4945,-151.821,72.9143,80,0,142.0527,113.5362,243.3889,0.3708967
16,Eye_Level,True,155.1312,-155.5916,76.83195,80,0,150,113.7501,247.8566,0.1430879
16,Eye_Level,True,154.3638,-157.2612,78.69648,80,0,150,113.9639,250.0101,0.08307283
16,Eye_Level,True,154.004,-158.5435,78.65911,80,0,150,114.1742,251.2096,0.07072651
16,Eye_Level,True,153.8718,-160.0442,77.08645,80,0,150,114.3812,252.1478,0.1288298
16,Eye_Level,True,153.4982,-164.5565,74.20664,80,0,150,114.5902,255.5909,0.3913724
16,Eye_Level,True,151.2943,-174.9481,69.69028,80,0,150,114.7994,264.3046,0.6501873
16,Eye_Level,True,149.202,-190.0281,63.91241,80,0,150,115.0079,277.4899,0.7965724
16,Eye_Level,True,148.2486,-200.5778,59.88037,80,0,150,115.2179,286.9018,0.3751927
16,Eye_Level,True,147.7728,-204.1294,57.98336,80,0,150,115.4241,289.9941,0.1039038
16,Eye_Level,True,147.7746,-205.1676,57.16566,80,0,150,115.6331,290.8495,0.03240225
16,Eye_Level,True,147.736,-205.2822,56.88274,80,0,150,115.842,290.9067,0.009483159
16,Eye_Level,True,147.779,-204.8576,57.00224,80,0,150,116.0509,290.5134,0.02453071
16,Eye_Level,True,147.7477,-204.531,56.94181,80,0,150,116.2599,290.1816,0.01792935
16,Eye_Level,True,147.8035,-204.296,56.66024,80,0,150,116.4675,289.8956,0.026203
16,Eye_Level,True,147.9878,-204.2255,56.2399,80,0,150,116.6779,289.7431,0.01014167
16,Eye_Level,True,149.3361,-203.0836,54.14558,80,0,150,116.8857,288.2161,0.2466537
16,Eye_Level,True,152.0434,-199.3396,51.22697,80,0,150,117.1315,284.0053,0.2290774
16,Eye_Level,True,154.4976,-193.932,49.66195,80,0,150,117.3518,278.4336,0.3218335
16,Eye_Level,True,157.0306,-185.1598,51.50641,80,0,150,117.5706,270.2074,0.4942522
16,Eye_Level,True,158.4173,-177.5619,56.34502,80,0,150,117.7917,263.7874,0.3404928
16,Eye_Level,True,158.8257,-172.7525,60.11593,80,0,150,118.0338,259.9532,0.1570406
16,Eye_Level,True,158.5398,-171.5371,60.05066,80,0,150,118.2432,258.7469,0.08126368
16,Eye_Level,True,158.5378,-168.1825,63.56688,80,0,150,118.4511,256.3361,0.3528098
16,Eye_Level,True,156.4942,-159.7723,73.21619,80,0,150,118.6599,250.7858,0.7421561
16,Eye_Level,True,155.4841,-145.2007,86.13288,80,0,150,118.8696,241.1727,0.9982428
16,Eye_Level,True,158.5601,-130.0054,95.46519,80,0,150,119.0795,230.8444,0.8386658
16,Eye_Level,True,156.9197,-114.4593,102.0536,80,0,150,119.2879,219.7208,0.8506051
16,Eye_Level,True,154.0848,-96.0279,107.1476,80,0,150,119.4854,206.1143,0.8682848
16,Eye_Level,True,157.9189,-68.46613,113.5791,80,0,150,119.7509,187.0965,1.300745
16,Eye_Level,True,154.4166,-45.75561,121.4552,80,0,150,119.9734,174.8867,1.130884
16,Eye_Level,True,152.636,-18.85549,134.4695,80,0,150,120.1979,166.9173,1.38438
16,Eye_Level,True,154.3578,3.981566,141.9277,80,0,150,120.4257,161.063,0.9873091
16,Eye_Level,True,150.483,29.0209,142.3341,80,0,150,120.6529,151.1889,1.212034
16,Eye_Level,True,154.7321,56.65577,139.6692,80,0,150,120.876,141.6857,1.145985
16,Eye_Level,True,157.2738,80.45542,139.0428,80,0,150,121.0997,139.2337,1.076869
16,Eye_Level,True,154.5622,107.9081,141.2753,80,0,150,121.324,144.0777,1.335882
16,Eye_Level,True,159.4148,134.6974,141.4546,80,0,150,121.5486,151.9534,1.150332
16,Eye_Level,True,157.6504,156.7466,135.6195,80,0,150,121.7599,156.0167,1.167067
16,Eye_Level,True,156.7401,181.6049,124.7629,80,0,150,121.9695,161.0427,1.395161
16,Eye_Level,True,159.6822,203.3214,116.4653,80,0,150,122.1799,169.9002,1.130399
16,Eye_Level,True,155.6156,226.051,109.546,80,0,150,122.3895,182.6548,1.247766
16,Eye_Level,True,154.7414,252.1263,101.691,80,0,150,122.6004,199.9775,1.349671
16,Eye_Level,True,158.1152,272.9864,93.86353,80,0,150,122.8089,214.7556,0.9794236
16,Eye_Level,True,156.1625,290.6873,83.15362,80,0,150,123.018,226.587,1.058271
16,Eye_Level,True,154.2377,309.2124,69.79369,80,0,150,123.2273,239.6402,1.157322
16,Eye_Level,True,158.0539,325.1128,58.58768,80,0,150,123.4389,252.1461,0.5358081
16,Eye_Level,True,158.7011,334.07,54.32485,80,0,150,123.6473,259.9586,0.2418386
16,Eye_Level,True,158.4384,338.7354,53.1226,80,0,150,123.8813,264.2673,0.2246721
16,Eye_Level,True,158.4615,342.1885,51.94725,80,0,150,124.0911,267.419,0.1880492
16,Eye_Level,True,158.5099,345.0417,52.36095,80,0,150,124.3123,270.2984,0.2046774
16,Eye_Level,True,159.027,345.2726,61.74983,80,0,150,124.5348,272.5144,0.5186273
16,Eye_Level,True,159.5182,340.8285,70.97662,80,0,150,124.7808,270.4807,0.3943282
16,Eye_Level,True,159.1572,340.5239,81.03642,80,0,150,124.9937,272.9898,0.5983635
16,Eye_Level,True,157.2837,341.9464,97.86061,80,0,150,125.2036,279.7243,0.9327559
16,Eye_Level,True,159.2324,342.0957,112.8051,80,0,150,125.4124,285.4897,0.553273
16,Eye_Level,True,159.6719,339.6881,119.5875,80,0,150,125.6212,286.064,0.2229149
16,Eye_Level,True,159.5351,338.2637,122.4167,80,0,150,125.8305,285.9666,0.1422088
16,Eye_Level,True,159.0318,337.6871,124.3398,80,0,150,126.0392,286.2596,0.1048842
16,Eye_Level,True,157.354,337.5161,125.4035,80,0,150,126.2476,286.5216,0.2052341
16,Eye_Level,True,156.2688,337.3266,126.1011,80,0,150,126.4455,286.6317,0.05055255
16,Eye_Level,True,156.8492,334.3901,125.2679,80,0,150,126.6551,283.6429,0.1589303
16,Eye_Level,True,157.7258,325.9365,120.1771,80,0,150,126.8881,273.8375,0.7783512
16,Eye_Level,True,157.9927,312.9232,118.3982,80,0,150,127.1002,261.4101,0.5028563
16,Eye_Level,True,157.8655,296.2277,118.3061,80,0,150,127.3447,246.6022,0.781803
16,Eye_Level,True,158.5608,277.524,121.1123,80,0,150,127.5868,231.856,0.6050638
16,Eye_Level,True,158.3426,266.3891,118.2509,80,0,150,127.8384,220.8931,0.4746211
16,Eye_Level,True,158.0306,254.6923,113.4276,80,0,150,128.0735,208.4412,0.5755141
16,Eye_Level,True,155.424,238.0562,117.8711,80,0,150,128.2946,197.2429,0.9557415
16,Eye_Level,True,152.9954,216.239,129.0165,80,0,150,128.5051,187.6574,1.303719
16,Eye_Level,True,154.8581,195.0149,138.5086,80,0,150,128.7137,180.1018,1.07875
16,Eye_Level,True,152.7074,174.4693,141.8772,80,0,150,128.924,170.4726,1.017764
16,Eye_Level,True,154.7132,145.6627,139.2223,80,0,150,129.1612,154.0021,1.09575
16,Eye_Level,True,159.8768,125.7901,138.6436,80,0,150,129.3776,146.3432,0.9193725
16,Eye_Level,True,155.5344,102.0393,140.1169,80,0,150,129.5892,141.9475,1.302702
16,Eye_Level,True,155.5754,72.59152,142.6924,80,0,150,129.7998,142.9933,1.360767
16,Eye_Level,True,156.3486,47.45057,138.9473,80,0,150,130.0071,142.85,1.166477
16,Eye_Level,True,151.8662,24.82231,130.639,80,0,150,130.2052,141.8259,1.077509
16,Eye_Level,True,154.791,0.5713224,118.3904,80,0,150,130.4295,142.647,1.17634
16,Eye_Level,True,153.5547,-23.39624,107.8445,80,0,150,130.6526,149.4452,1.247422
16,Eye_Level,True,154.0391,-50.33755,95.57735,80,0,150,130.8782,161.6763,1.287812
16,Eye_Level,True,156.0732,-71.23184,79.10725,80,0,150,131.1022,170.7803,1.165789
16,Eye_Level,True,151.5089,-90.12078,58.42522,80,0,150,131.3277,179.8801,1.330045
16,Eye_Level,True,154.5547,-107.0454,37.72175,80,0,150,131.5517,190.8656,1.159149
16,Eye_Level,True,152.4114,-123.6471,20.03694,80,0,150,131.7747,204.6446,1.134503
16,Eye_Level,True,152.6808,-142.636,0.07611513,80,0,150,131.9992,222.6522,1.174371
16,Eye_Level,True,154.3489,-154.6211,-18.39058,80,0,150,132.2211,235.3809,0.9216564
16,Eye_Level,True,150.1349,-163.4496,-38.26766,80,0,150,132.4454,246.4389,1.016285
16,Eye_Level,True,151.1048,-171.5076,-58.94976,80,0,150,132.6686,258.3261,0.8970205
16,Eye_Level,True,151.3502,-180.553,-73.59793,80,0,150,132.8809,270.7515,0.5935231
16,Eye_Level,True,148.4734,-193.2111,-87.29261,80,0,150,133.1045,286.8216,0.8567332
16,Eye_Level,True,148.6065,-205.4235,-99.18688,80,0,150,133.3149,302.1697,0.7158253
16,Eye_Level,True,146.5661,-212.6873,-107.8303,80,0,150,133.5251,311.9375,0.3793907
16,Eye_Level,True,145.6791,-215.7781,-112.1241,80,0,150,133.7335,316.3466,0.2077617
16,Eye_Level,True,144.9793,-217.8731,-114.0193,80,0,150,133.9424,318.989,0.1227055
16,Eye_Level,True,144.7768,-219.0128,-113.6007,80,0,150,134.1514,319.9079,0.06023593
16,Eye_Level,True,145.1191,-218.8639,-112.4884,80,0,150,134.3601,319.3699,0.04177387
16,Eye_Level,True,145.443,-218.6179,-112.5575,80,0,150,134.5687,319.1592,0.01986093
16,Eye_Level,True,146.4185,-215.3254,-114.5214,80,0,150,134.778,316.7729,0.387133
16,Eye_Level,True,151.8936,-199.1548,-109.4783,80,0,150,135.0202,299.8608,1.030808
16,Eye_Level,True,155.8092,-187.4546,-92.21624,80,0,150,135.2364,282.9657,0.9977944
16,Eye_Level,True,157.4824,-182.6252,-75.05048,80,0,150,135.4787,273.2408,0.5729462
16,Eye_Level,True,159.793,-179.8274,-68.77275,80,0,150,135.6865,268.9532,0.2433746
16,Eye_Level,True,159.2811,-177.3072,-67.4012,80,0,150,135.8964,266.1504,0.1109939
16,Eye_Level,True,159.8724,-175.5059,-68.55058,80,0,150,136.1037,264.7261,0.1047092
16,Eye_Level,True,159.4855,-175.1629,-70.87969,80,0,150,136.3137,264.9943,0.1039249
16,Eye_Level,True,159.5206,-174.6081,-72.23085,80,0,150,136.5229,264.8268,0.08187354
16,Eye_Level,True,159.6044,-173.4362,-73.14719,80,0,150,136.731,263.9558,0.0638142
16,Eye_Level,True,159.843,-172.8522,-73.93118,80,0,150,136.942,263.6227,0.04599524
16,Eye_Level,True,159.7789,-172.294,-73.86286,80,0,150,137.167,263.0658,0.04173573
16,Eye_Level,True,159.7041,-171.5704,-73.88524,80,0,149.9999,137.392,262.3754,0.02719916
16,Eye_Level,True,159.5714,-171.4111,-73.61313,80,0,138.2739,137.6154,262.8308,0.0150044
16,end,True,159.1026,-171.3518,-73.31516,80,0,106.5528,137.8381,267.0474,0.05019271
16,end,True,158.0009,-170.7067,-73.10253,80,0,67.84488,138.0605,276.2715,0.07857619
16,end,True,156.9131,-169.5842,-73.21057,80,0,31.10373,138.2829,288.9292,0.08679187
16,end,True,154.5601,-167.7483,-73.06237,80,0,5.739951,138.5055,298.1019,0.09731434
16,end,True,153.0492,-166.4759,-71.81031,80,0,0,138.7296,298.8831,0.1182787
16,end,True,152.8749,-165.5519,-66.55511,80,0,0,138.9532,296.8098,0.3193888
16,end,True,152.1279,-165.5236,-56.19459,80,0,0,139.1758,294.2491,0.5821582
16,end,True,154.0255,-165.9065,-41.46549,80,0,0,139.3984,293.1096,0.6568649
16,end,True,153.7675,-165.6877,-29.40549,80,0,0,139.6215,291.3273,0.4641204
16,end,True,153.6534,-162.7764,-19.58719,80,0,0,139.8443,287.9816,0.5049378
16,end,True,150.7514,-157.6001,-7.151693,80,0,0,140.0672,281.4799,0.6639477
16,end,True,150.2523,-147.5613,5.21912,80,0,0,140.2897,272.74,0.7435759
16,end,True,152.1753,-138.893,13.02385,80,0,0,140.5128,266.9103,0.4480081
16,end,True,153.956,-134.5663,18.9981,80,0,0,140.7366,264.7679,0.3227415
16,end,True,154.4743,-133.4995,28.55375,80,0,0,140.9594,265.0655,0.5306106
16,end,True,155.0035,-130.5535,40.59382,80,0,0,141.1819,264.5879,0.4541607
16,end,True,156.0815,-130.786,46.63694,80,0,0,141.4392,266.3967,0.1402188
16,end,True,156.5092,-132.7856,46.59352,80,0,0,141.6476,268.2234,0.1448958
16,end,True,157.4544,-136.4256,47.53622,80,0,0,141.8569,271.8301,0.1948016
16,end,True,157.524,-138.2951,48.83117,80,0,0,142.0654,273.5892,0.08194995
16,end,True,157.7701,-138.7198,49.10604,80,0,0,142.2748,274.1189,0.01690152
16,end,True,157.5365,-138.3311,49.7132,80,0,0,142.4826,273.7839,0.03953424
16,end,True,157.4034,-138.2042,50.63155,80,0,0,142.6798,273.7745,0.04408249
16,end,True,157.3018,-138.1442,51.50484,80,0,0,142.9056,273.8311,0.0290809
16,end,True,157.3026,-138.2728,52.1568,80,0,0,143.1295,274.0574,0.02716616
16,end,True,157.3342,-138.2814,52.50513,80,0,0,143.3523,274.1489,0.0178378
16,end,True,157.3226,-137.8407,52.67141,80,0,5.770427,143.575,270.5492,0.01701305
16,Below_Eyes,True,157.7039,-137.5819,52.73419,80,0,37.67651,143.7974,254.0263,0.02484903
16,Below_Eyes,True,158.0528,-137.3899,52.46468,80,0,73.73532,144.0202,238.9986,0.02972533
16,Below_Eyes,True,158.4274,-137.7016,52.17179,80,0,102.3559,144.2435,230.781,0.04219185
16,Below_Eyes,True,158.8137,-138.415,51.95603,80,0,110,144.4664,229.7549,0.03845589
16,Below_Eyes,True,158.8286,-139.1516,51.19238,80,0,110,144.6898,230.2874,0.0447385
16,Below_Eyes,True,158.8725,-139.6405,50.13467,80,0,110,144.9128,230.5297,0.05438461
16,Below_Eyes,True,159.0253,-140.0397,48.62112,80,0,110,145.1363,230.6187,0.07012025
16,Below_Eyes,True,159.0013,-140.5065,47.35858,80,0,110,145.3587,230.7966,0.04760691
16,Below_Eyes,True,159.0408,-140.6693,46.45457,80,0,110,145.5819,230.7769,0.03977748
16,Below_Eyes,True,159.3276,-140.4388,44.91721,80,0,110,145.8042,230.3129,0.0983119
16,Below_Eyes,True,158.6241,-140.4989,42.20708,80,0,110,146.0262,229.7075,0.1610048
16,Below_Eyes,True,156.755,-146.1648,34.8892,80,0,110,146.272,233.5676,0.5738971
16,Below_Eyes,True,152.3782,-154.4198,43.64455,80,0,110,146.5023,242.1846,0.5237696
16,Below_Eyes,True,151.5208,-156.9571,49.90064,80,0,110,146.731,245.6883,0.1904122
16,Below_Eyes,True,150.8972,-162.4113,51.1014,80,0,110,146.953,251.0919,0.3570579
16,Below_Eyes,True,149.0342,-174.2199,51.36094,80,0,110,147.1762,262.2773,0.6655644
16,Below_Eyes,True,148.0892,-188.1548,51.13657,80,0,110,147.3739,275.6315,0.6470268
16,Below_Eyes,True,147.6614,-196.9528,50.52692,80,0,110,147.5856,284.032,0.273349
16,Below_Eyes,True,147.1847,-200.5808,50.70233,80,0,110,147.7947,287.5396,0.1191181
16,Below_Eyes,True,146.7832,-202.3488,50.84755,80,0,110,148.0035,289.2392,0.057202
16,Below_Eyes,True,146.6939,-202.8307,50.67383,80,0,110,148.2125,289.6679,0.02423016
16,Below_Eyes,True,146.8017,-202.9173,50.13739,80,0,110,148.4206,289.6728,0.0356314
16,Below_Eyes,True,146.7061,-202.8241,49.92118,80,0,110,148.6293,289.5323,0.01161651
16,Below_Eyes,True,146.6381,-202.6144,50.11947,80,0,110,148.8382,289.3531,0.01498306
16,Below_Eyes,True,146.6306,-202.6772,50.21535,80,0,110,149.0467,289.4301,0.009777982
16,Below_Eyes,True,146.6676,-202.9055,49.99526,80,0,110,149.2559,289.6197,0.02778292
16,Below_Eyes,True,147.0216,-202.821,49.52113,80,0,110,149.4643,289.5007,0.04238767
16,Below_Eyes,True,147.3249,-202.4922,49.11563,80,0,110,149.6725,289.1493,0.02709269
16,Below_Eyes,True,147.8198,-201.7899,48.65418,80,0,110,149.8815,288.4495,0.0474172
16,Below_Eyes,True,149.8778,-200.0058,46.07495,80,0,110,150.0901,286.5596,0.2506578
16,Below_Eyes,True,152.3477,-197.0782,43.971,80,0,110,150.335,283.7236,0.2369865
16,Below_Eyes,True,156.4915,-188.8491,40.90503,80,0,110,150.5566,275.8886,0.5849503
16,Below_Eyes,True,158.3835,-179.5706,44.69814,80,0,110,150.7752,267.798,0.3343145
16,Below_Eyes,True,159.2418,-176.5074,47.42711,80,0,110,151.0064,265.4622,0.1257207
16,Below_Eyes,True,159.3626,-174.5956,48.57567,80,0,110,151.2108,263.8469,0.160574
16,Below_Eyes,True,158.8335,-170.1169,52.66079,80,0,110,151.4199,260.2236,0.3831877
16,Below_Eyes,True,158.2144,-162.082,61.28833,80,0,110,151.629,254.3317,0.6885875
16,Below_Eyes,True,156.9099,-149.6906,74.46586,80,0,110,151.8382,245.9745,0.8727355
16,Below_Eyes,True,155.1214,-136.4467,84.37691,80,0,110,152.0477,236.6528,0.8191737
16,Below_Eyes,True,152.6874,-121.7319,92.09274,80,0,110,152.2573,225.8297,0.8129129
16,Below_Eyes,True,148.8159,-105.5823,95.63419,80,0,110,152.4559,212.352,0.767198
16,Below_Eyes,True,151.7764,-82.89464,96.26329,80,0,110,152.6806,193.7693,0.8700527
16,Below_Eyes,True,154.6607,-64.69901,100.2292,80,0,110,152.9029,181.5992,0.8892618
16,Below_Eyes,True,152.0727,-43.58237,105.2777,80,0,110,153.1248,167.7084,1.102934
16,Below_Eyes,True,154.9066,-19.87327,113.4236,80,0,110,153.3493,157.6585,1.014889
16,Below_Eyes,True,156.3683,0.878644,113.9099,80,0,110,153.5722,146.2384,0.9669886
16,Below_Eyes,True,152.1347,25.79176,110.2761,80,0,110,153.7961,129.9026,1.27611
16,Below_Eyes,True,154.6018,51.24009,111.1116,80,0,110,154.0201,123.135,1.143368
16,Below_Eyes,True,151.8622,75.84865,114.2203,80,0,110,154.2475,121.7208,1.165326
16,Below_Eyes,True,151.4153,105.1962,117.6868,80,0,110,154.4731,127.2803,1.373328
16,Below_Eyes,True,155.6713,129.9629,115.8799,80,0,110,154.6963,134.2025,1.041577
16,Below_Eyes,True,152.813,153.7427,109.4342,80,0,110,154.9206,138.7328,1.194947
16,Below_Eyes,True,157.4874,178.3613,100.6727,80,0,110,155.1444,148.5429,1.082267
16,Below_Eyes,True,159.785,200.0999,95.70898,80,0,110,155.356,161.4396,1.077373
16,Below_Eyes,True,157.769,223.4792,91.70693,80,0,110,155.5682,176.8568,1.177526
16,Below_Eyes,True,160.5103,245.0557,86.71726,80,0,110,155.7769,193.1698,1.022806
16,Below_Eyes,True,159.4868,261.0975,78.79967,80,0,110,155.9755,203.6041,0.6384998
16,Below_Eyes,True,158.1455,277.6327,66.74966,80,0,110,156.1838,214.0845,0.7495495
16,Below_Eyes,True,160.4196,294.0559,56.64767,80,0,110,156.4079,227.0926,0.7286991
16,Below_Eyes,True,159.533,310.2125,51.68446,80,0,110,156.6318,241.0863,0.737219
16,Below_Eyes,True,161.1782,325.8734,47.5047,80,0,110,156.8504,255.5967,0.4851689
16,Below_Eyes,True,161.3312,334.919,44.25014,80,0,110,157.0592,263.774,0.2660443
16,Below_Eyes,True,161.0375,339.3333,43.22499,80,0,110,157.2694,267.819,0.1496624
16,Below_Eyes,True,161.0324,341.5812,43.85341,80,0,110,157.4788,270.0966,0.1056711
16,Below_Eyes,True,160.3738,340.7585,49.43665,80,0,110,157.6996,270.1416,0.3810682
16,Below_Eyes,True,158.923,334.5132,56.63947,80,0,110,157.9218,265.2895,0.4819182
16,Below_Eyes,True,157.8474,326.4229,64.72453,80,0,110,158.1569,259.2352,0.4186532
16,Below_Eyes,True,158.5454,321.7944,72.98531,80,0,110,158.3645,257.1926,0.5110586
16,Below_Eyes,True,157.8409,321.745,85.86629,80,0,110,158.5748,260.9644,0.7357622
16,Below_Eyes,True,155.2341,326.487,104.3993,80,0,110,158.7844,271.4796,0.9169148
16,Below_Eyes,True,157.4055,328.8293,118.504,80,0,110,158.9934,279.6543,0.5648459
16,Below_Eyes,True,157.7428,328.4925,125.8327,80,0,110,159.1923,282.5983,0.1563006
16,Below_Eyes,True,157.5056,327.6965,127.263,80,0,110,159.4269,282.4999,0.07391462
16,Below_Eyes,True,157.2087,326.213,127.8895,80,0,110,159.6494,281.4343,0.05347863
16,Below_Eyes,True,157.2569,325.3831,127.8055,80,0,110,159.8706,280.6783,0.150795
16,Below_Eyes,True,157.3917,320.9346,122.1465,80,0,110,160.0819,274.2539,0.4160308
16,Below_Eyes,True,157.6542,310.4809,120.0862,80,0,110,160.2928,264.2216,0.663014
16,Below_Eyes,True,157.3118,291.6311,125.818,80,0,110,160.5468,250.7116,0.9752542
16,Below_Eyes,True,157.0543,274.655,133.0775,80,0,110,160.8178,240.4461,0.7016937
16,Below_Eyes,True,158.0448,261.9301,136.4968,80,0,110,161.0263,232.4613,0.5991254
16,Below_Eyes,True,157.2467,250.361,135.6461,80,0,110,161.2348,222.834,0.6030101
16,Below_Eyes,True,154.564,235.1346,133.4724,80,0,110,161.4493,209.4459,0.8651199
16,Below_Eyes,True,154.298,213.3122,133.5351,80,0,110,161.6599,193.8197,1.044888
16,Below_Eyes,True,154.2677,195.059,140.7512,80,0,110,161.8652,187.1072,0.9749084
16,Below_Eyes,True,148.7514,170.7999,147.8071,80,0,110,162.1001,177.7448,1.034225
16,Below_Eyes,True,153.3617,145.6701,153.1538,80,0,110,162.3111,172.1885,1.086391
16,Below_Eyes,True,156.8529,124.33,150.5248,80,0,110,162.5217,163.7622,1.017187
16,Below_Eyes,True,152.8266,101.5329,146.3313,80,0,110,162.7237,153.9826,1.03229
16,Below_Eyes,True,158.0092,71.23625,140.2555,80,0,110,162.9769,148.5035,1.039466
16,Below_Eyes,True,153.5336,42.4947,137.0446,80,0,110,163.2145,148.6037,1.349078
16,Below_Eyes,True,154.041,11.88281,132.5281,80,0,110,163.4398,155.381,1.198463
16,Below_Eyes,True,155.7831,-11.93111,121.6643,80,0,110,163.6631,159.2156,1.194201
16,Below_Eyes,True,151.796,-34.41943,104.272,80,0,110,163.8876,160.3476,1.378832
16,Below_Eyes,True,156.1154,-56.31557,86.39479,80,0,110,164.112,167.847,1.211274
16,Below_Eyes,True,153.0385,-78.81537,72.2571,80,0,110,164.336,179.7101,1.28138
16,Below_Eyes,True,151.7706,-105.1014,56.0353,80,0,110,164.5604,197.8567,1.345509
16,Below_Eyes,True,155.1014,-123.3525,39.01735,80,0,110,164.7826,211.9168,1.073453
16,Below_Eyes,True,149.8363,-138.6727,18.93379,80,0,110,165.0065,223.0766,1.23149
16,Below_Eyes,True,151.1168,-153.0381,-5.815756,80,0,110,165.2286,236.7091,1.19291
16,Below_Eyes,True,153.0969,-166.0954,-23.66006,80,0,110,165.455,250.9584,0.9594759
16,Below_Eyes,True,149.4905,-179.9395,-41.72029,80,0,110,165.6789,266.2116,1.076969
16,Below_Eyes,True,149.7369,-195.9884,-63.26928,80,0,110,165.9034,285.9224,1.204484
16,Below_Eyes,True,149.2431,-206.4732,-80.87255,80,0,110,166.1272,300.2454,0.7198149
16,Below_Eyes,True,145.2063,-211.3173,-90.49161,80,0,110,166.351,307.0732,0.4831959
16,Below_Eyes,True,142.183,-214.143,-96.33112,80,0,110,166.5737,311.1841,0.2399222
16,Below_Eyes,True,140.7723,-215.1351,-98.53655,80,0,110,166.7955,312.6678,0.04481193
16,Below_Eyes,True,142.3681,-214.1011,-97.75301,80,0,110,167.0174,311.6068,0.1253174
16,Below_Eyes,True,146.5441,-207.1233,-96.52566,80,0,110,167.2397,305.1105,0.6349913
16,Below_Eyes,True,152.47,-197.6921,-87.86659,80,0,110,167.4674,294.3418,0.7295396
16,Below_Eyes,True,155.5968,-194.726,-79.38298,80,0,110,167.6678,289.5775,0.4865767
16,Below_Eyes,True,157.8993,-193.2713,-70.27711,80,0,110,167.8743,286.1999,0.4833737
16,Below_Eyes,True,158.4456,-188.9532,-57.91999,80,0,110,168.0842,279.352,0.7085944
16,Below_Eyes,True,158.4872,-183.2005,-44.03286,80,0,110,168.2933,271.2277,0.632226
16,Below_Eyes,True,159.8563,-177.6257,-35.97488,80,0,110,168.5015,264.86,0.369235
16,Below_Eyes,True,159.2902,-175.4648,-33.00722,80,0,110,168.7119,262.2618,0.1214449
16,Below_Eyes,True,158.4601,-175.1358,-31.49562,80,0,110,168.9207,261.6001,0.09608423
16,Below_Eyes,True,158.4134,-174.7016,-30.10287,80,0,110,169.1286,261.0037,0.06698497
16,Below_Eyes,True,158.3645,-175.1033,-29.54212,80,0,110,169.3379,261.3226,0.02533785
16,Below_Eyes,True,158.0579,-175.2594,-29.0257,80,0,110,169.5486,261.3607,0.03793186
16,Below_Eyes,True,157.9038,-175.1447,-28.58996,80,0,110,169.7878,261.1724,0.01602936
16,Below_Eyes,True,157.9154,-175.2728,-28.38895,80,0,110,170.0122,261.2777,0.01239527
16,Below_Eyes,True,157.8943,-175.4347,-28.18122,80,0,109.4443,170.2362,261.5119,0.01126917
16,end,True,157.7617,-175.4722,-27.95415,80,0,90.05777,170.4582,265.7655,0.02047596
16,end,True,157.2174,-175.2038,-27.53413,80,0,59.60094,170.6804,274.6198,0.05067449
16,end,True,156.0719,-174.4433,-27.0933,80,0,27.89228,170.903,286.1913,0.05039872
16,end,True,155.3969,-173.6215,-26.71827,80,0,5.088294,171.1254,296.0243,0.0630028
16,end,True,154.9236,-173.2111,-26.26609,80,0,0,171.3475,298.0052,0.0210422
16,end,True,154.8885,-173.1896,-25.70379,80,0,0,171.5698,297.9196,0.0280926
16,end,True,154.8772,-173.1576,-25.0228,80,0,0,171.7932,297.8286,0.03180651
16,end,True,154.7821,-172.7273,-24.31349,80,0,0,172.0155,297.3546,0.04076383
16,end,True,154.9627,-172.248,-23.33438,80,0,0,172.2387,296.9629,0.05603012
16,end,True,155.2563,-170.2666,-22.61188,80,0,0,172.4818,295.3798,0.1279463
16,end,True,155.0548,-167.0632,-22.91109,80,0,0,172.6923,292.587,0.1681824
16,end,True,154.3722,-163.3268,-24.11027,80,0,0,172.9022,289.1713,0.2015618
16,end,True,156.8166,-157.5016,-27.54459,80,0,0,173.1105,285.932,0.3641602
16,end,True,155.6826,-151.8835,-29.57676,80,0,0,173.3193,280.8591,0.2184547
16,end,True,156.3966,-149.5846,-27.75954,80,0,0,173.5282,279.1766,0.1656724
16,end,True,156.6942,-149.0213,-20.80584,80,0,0,173.7373,278.2745,0.4104834
16,end,True,156.7527,-147.2154,-10.17835,80,0,0,173.9463,276.2279,0.5079326
16,end,True,155.1608,-142.7655,-1.368785,80,0,0,174.1558,271.4797,0.4504371
16,end,True,155.1668,-140.2471,4.011112,80,0,0,174.3656,269.4468,0.2552891
16,end,True,155.7311,-142.3171,9.15668,80,0,0,174.575,271.5895,0.2913396
16,end,True,157.3837,-151.6079,11.85529,80,0,0,174.8148,280.272,0.4208065
16,end,True,158.3337,-163.5826,16.09722,80,0,0,175.0412,290.9659,0.5616665
16,end,True,156.5335,-174.5514,21.42571,80,0,0,175.2683,299.5968,0.5090255
16,end,True,154.2832,-182.3851,27.11087,80,0,0,175.4936,305.5884,0.4046097
16,end,True,152.3427,-184.9412,31.62211,80,0,0,175.7056,307.2493,0.1219111
16,end,True,151.0919,-184.3693,33.56326,80,0,0,175.9297,306.3436,0.06444094
16,end,True,151.2665,-184.0045,34.12811,80,0,0,176.1397,306.1775,0.02287165
16,end,True,151.2821,-183.1385,34.02438,80,0,0,176.3484,305.4272,0.05279215
16,end,True,151.2927,-183.3508,34.76908,80,0,0,176.5567,305.6992,0.04978041
16,end,True,151.4801,-183.1988,35.67484,80,0,0,176.7651,305.7655,0.05776086
16,end,True,154.4428,-180.7847,33.51037,80,0,0,176.9746,304.9331,0.3108221
16,end,True,156.7285,-175.9133,32.08842,80,0,0,177.2042,301.8031,0.1700479
16,end,True,156.7289,-174.6089,31.61505,80,0,0,177.4267,300.6478,0.0312122
16,end,True,156.5186,-174.7037,31.40806,80,0,0,177.6492,300.597,0.0157715
16,end,True,152.8859,-174.577,30.21881,80,0,0,177.8725,298.4907,0.3284236
16,end,True,151.8709,-174.4035,27.94593,80,0,0,178.0922,297.6019,0.1082814
16,end,True,151.5993,-173.644,27.45545,80,0,0,178.3145,296.7683,0.02195643
16,end,True,151.2448,-173.1383,27.61702,80,0,0,178.5374,296.17,0.03285841
16,end,True,151.1836,-173.1822,27.84142,80,0,0,178.7602,296.1973,0.01513238
16,end,True,151.2352,-173.1818,28.00959,80,0,0,178.9828,296.2392,0.01824743
16,end,True,151.2478,-172.73,28.01473,80,0,0,179.2049,295.86,0.04038298
16,end,True,151.4379,-172.645,27.41879,80,0,0,179.4275,295.8289,0.02552992
16,end,True,155.4407,-173.2803,25.25995,80,0,0,179.6527,298.2462,0.2810787
16,end,True,161.079,-173.0267,26.47139,80,0,0,179.8798,301.1141,0.2628374
16,end,True,166.7247,-171.6171,30.31114,80,0,0,180.1201,303.3596,0.1881747
16,end,True,170.0191,-171.1212,29.82737,80,0,0,180.3288,304.7262,0.2636191
16,end,True,166.9538,-172.1802,20.9015,80,0,0,180.5512,303.1589,0.4871522
16,end,True,154.8241,-173.7729,15.13548,80,0,0,180.7718,297.658,0.7359738
16,end,True,140.2153,-175.4511,13.29342,80,0,0,180.9932,291.7058,0.6308903
16,end,True,133.042,-176.3216,11.39147,80,0,0,181.2046,289.0168,0.222249
16,end,True,128.0374,-176.7437,8.705181,80,0,0,181.4277,287.0308,0.2429077
16,end,True,124.3522,-177.0607,4.872727,80,0,0,181.6501,285.6001,0.2441318
16,end,True,122.9255,-178.4694,0.8978099,80,0,0,181.8596,286.213,0.3622562
16,end,True,122.8268,-181.9055,-4.198771,80,0,0,182.0703,289.307,0.2759496
16,end,True,123.2764,-183.4833,-7.320908,80,0,0,182.2795,290.9881,0.1239527
16,end,True,122.973,-183.5515,-8.033821,80,0,0,182.4889,290.9404,0.03144344
16,end,True,123.4256,-183.0388,-8.847559,80,0,0,182.6981,290.6915,0.2284799
16,end,True,125.7913,-185.4739,-12.80807,80,0,0,182.9061,294.0474,0.3398383
16,end,True,119.7615,-191.5393,-18.07409,80,0,0,183.1143,297.3266,0.6973476
16,end,True,106.3061,-199.8881,-24.32295,80,0,0,183.3404,300.383,0.8373184
16,end,True,95.08925,-211.3639,-29.44652,80,0,0,183.5508,307.8993,0.8005364
16,end,True,87.93862,-226.9616,-29.64846,80,0,0,183.7608,320.6831,0.8445024
16,end,True,80.32277,-240.4117,-27.40562,80,0,0,183.9715,331.4611,0.3700023
16,end,True,76.96165,-244.2491,-26.16422,80,0,0,184.1949,334.283,0.03970516
16,end,True,75.89945,-244.8625,-26.10888,80,0,0,184.4045,334.6312,0.08504303
16,end,True,75.96608,-245.0997,-26.09011,80,0,0,184.638,334.8751,0.03779531
16,end,True,75.91277,-245.1347,-25.96089,80,0,0,184.8466,334.887,0.02931578
16,end,True,75.8417,-245.1191,-26.06958,80,0,0,185.0555,334.8642,0.01148267
16,end,True,75.67532,-245.2269,-26.02115,80,0,0,185.2643,334.9274,0.007370769
16,end,True,75.61231,-245.2556,-25.99915,80,0,0,185.4731,334.9394,0.003304964
16,end,True,75.58058,-245.2827,-25.94731,80,0,0,185.6819,334.9545,0.0004644999
16,end,True,75.53387,-245.3318,-25.94452,80,0,0,185.8908,334.9914,0.002054216
16,end,True,75.50564,-245.3533,-25.95948,80,0,0,186.0997,335.0071,0.002721985
16,end,True,75.4766,-245.3549,-25.97145,80,0,0,186.3085,335.0031,0.001634642
16,end,True,75.45123,-245.3795,-25.97208,80,0,0,186.5173,335.0213,0.003360213
16,end,True,75.43274,-245.3676,-25.97767,80,0,0,186.7262,335.0059,0.002636739
16,end,True,75.42728,-245.3898,-25.99047,80,0,0,186.9349,335.0274,0.003141472
16,end,True,75.41096,-245.3808,-25.9823,80,0,0,187.1438,335.0143,0.0008270607
16,end,True,75.37609,-245.3929,-25.96601,80,0,0,187.3528,335.0169,0.00236136
16,end,True,75.38636,-245.3815,-25.96753,80,0,0,187.5616,335.0082,0.001455985
16,end,True,75.36574,-245.3892,-25.98224,80,0,0,187.7703,335.0122,0.002515142
16,end,True,75.34886,-245.3814,-25.97706,80,0,0,187.9794,335.0005,0.002225508
16,end,True,75.34122,-245.3951,-26.00669,80,0,0,188.1881,335.0143,0.001763194
16,end,True,75.34502,-245.3788,-25.97808,80,0,0,188.3968,334.9972,0.005267333
16,end,True,75.34472,-245.3845,-25.99869,80,0,0,188.6058,335.0042,0.002935985
16,end,True,75.3348,-245.3916,-26.01056,80,0,0,188.8145,335.0098,0.003202892
16,end,True,75.31308,-245.3787,-25.98206,80,0,0,189.0232,334.9902,0.001915507
16,end,True,75.32628,-245.3684,-25.98767,80,0,0,189.2322,334.9836,0.001298747
16,end,True,75.31086,-245.3822,-25.98809,80,0,0,189.441,334.9936,0.003833348
16,end,True,75.31747,-245.3871,-25.98597,80,0,0,189.6499,334.9996,0.002829722
16,end,True,75.3027,-245.383,-25.99364,80,0,0,189.8589,334.9929,0.0008963802
16,end,True,75.31145,-245.3738,-25.98604,80,0,0,190.0675,334.9854,0.001082095
16,end,True,75.31653,-245.369,-25.98467,80,0,0,190.2764,334.9818,0.00345732
16,end,True,75.29524,-245.3696,-26.0069,80,0,0,190.4853,334.9793,0.004652126
16,end,True,75.30383,-245.3743,-26.02054,80,0,0,190.6941,334.9868,0.002131009
16,end,True,75.29887,-245.3678,-26.02081,80,0,0,190.9028,334.9794,0.002570322
16,end,True,75.30095,-245.3626,-26.01832,80,0,0,191.1119,334.9746,0.003827603
16,end,True,75.29694,-245.3662,-26.01303,80,0,0,191.3205,334.9768,0.0005445717
16,end,True,75.31105,-245.3586,-26.01405,80,0,0,191.5294,334.9727,0.002098471
16,end,True,75.28707,-245.3487,-26.02658,80,0,0,191.7384,334.9586,0.001547143
16,end,True,75.27925,-245.3527,-26.03936,80,0,0,191.947,334.9618,0.003085498
16,end,True,75.27754,-245.3452,-26.00671,80,0,0,192.1559,334.9516,0.002253798
16,end,True,75.27545,-245.3574,-26.01839,80,0,0,192.3647,334.9638,0.0003791834
16,end,True,75.2886,-245.3557,-26.02562,80,0,0,192.5735,334.9658,0.004235083
16,end,True,75.27499,-245.3613,-26.01986,80,0,0,192.7825,334.9677,0.001267888
16,end,True,75.25252,-245.3602,-26.02822,80,0,0,192.9913,334.9622,0.00166167
16,end,True,75.25031,-245.3571,-26.02708,80,0,0,193.2001,334.9586,0.0005495098
16,end,True,75.27475,-245.3378,-26.03893,80,0,0,193.4089,334.9463,0.001351676
16,end,True,75.27693,-245.3427,-26.05437,80,0,0,193.618,334.9527,0.002311548
16,end,True,75.27827,-245.3366,-26.05269,80,0,0,193.8266,334.947,0.002004891
16,end,True,75.27157,-245.3358,-26.06907,80,0,0,194.0354,334.946,0.001190855
16,end,True,75.26588,-245.3331,-26.05746,80,0,0,194.2442,334.9412,0.002782516
16,end,True,75.26695,-245.3214,-26.05673,80,0,0,194.453,334.93,0.001984759
16,end,True,75.26338,-245.325,-26.07291,80,0,0,194.6618,334.9338,0.001799436
16,end,True,75.26051,-245.3332,-26.0416,80,0,0,194.8708,334.9388,0.000978855
16,end,True,75.26774,-245.3385,-26.04779,80,0,0,195.0796,334.946,0.001690396
16,end,True,75.27917,-245.3319,-26.05324,80,0,0,195.2885,334.9427,0.001696552
16,end,True,75.27999,-245.3248,-26.04787,80,0,0,195.4973,334.9355,0.0007678661
16,end,True,75.2766,-245.322,-26.04152,80,0,0,195.7059,334.9315,0.0007858181
16,end,True,75.27463,-245.3309,-26.0299,80,0,0,195.9149,334.9389,0.001446377
16,end,True,75.26538,-245.3355,-26.04673,80,0,0,196.1237,334.9426,0.002206251
16,end,True,75.26155,-245.3235,-26.02267,80,0,0,196.3325,334.9282,0.002534356
16,end,True,75.25635,-245.3167,-26.02682,80,0,0,196.5413,334.9207,0.0006153307
16,end,True,75.26591,-245.3192,-26.0424,80,0,0,196.7502,334.9265,0.001566585
16,end,True,75.24757,-245.3204,-26.09264,80,0,0,196.9593,334.9274,0.007764707
16,end,True,75.25617,-245.3289,-26.06188,80,0,0,197.168,334.9352,0.003065136
16,end,True,75.25873,-245.3282,-26.06578,80,0,0,197.3767,334.9354,0.0008761684
16,end,True,75.25108,-245.3407,-26.05421,80,0,0,197.5855,334.945,0.001758419
16,end,True,75.26521,-245.3314,-26.04468,80,0,0,197.7944,334.9384,0.0002980977
16,end,True,75.25961,-245.3307,-26.03453,80,0,0,198.0032,334.9356,0.00339444
16,end,True,75.27057,-245.3342,-26.0484,80,0,0,198.2122,334.9425,0.003056808
16,end,True,75.25272,-245.3339,-26.05202,80,0,0,198.4209,334.9385,0.002507485
16,end,True,75.24479,-245.3145,-26.05439,80,0,0,198.6297,334.9181,0.001502548
16,end,True,75.25261,-245.3119,-26.06713,80,0,0,198.8388,334.9183,0.00123245
16,end,True,75.25314,-245.3144,-26.06337,80,0,0,199.0474,334.9205,0.00206226
16,end,True,75.26087,-245.3056,-26.05071,80,0,0,199.2563,334.9128,0.001813263
16,end,True,75.2615,-245.3034,-26.06881,80,0,0,199.4651,334.9122,0.002816727
16,end,True,75.27018,-245.315,-26.07442,80,0,0,199.674,334.9258,0.001698809
16,end,True,75.27117,-245.3094,-26.03956,80,0,0,199.8828,334.9179,0.001322739
16,end,True,75.27518,-245.305,-26.04412,80,0,0,200.0916,334.9149,0.002667307
16,end,True,75.29098,-245.3163,-26.04809,80,0,0,200.3003,334.9297,0.001047138
16,end,True,75.28259,-245.3188,-26.05093,80,0,0,200.5094,334.9305,0.002239829
16,end,True,75.26353,-245.3201,-26.05548,80,0,0,200.7184,334.9279,0.0004211469
16,end,True,75.26918,-245.3097,-26.05646,80,0,0,200.9269,334.9191,0.002817417
16,end,True,75.27348,-245.3312,-26.04317,80,0,0,201.1356,334.9399,0.0007729813
16,end,True,75.26421,-245.3109,-26.0673,80,0,0,201.3446,334.92,0.002142731
16,end,True,75.25655,-245.313,-26.0555,80,0,0,201.5535,334.9193,0.002546426
16,end,True,75.26024,-245.3257,-26.06053,80,0,0,201.7624,334.9329,0.002162299
16,end,True,75.24784,-245.3287,-26.06932,80,0,0,201.9711,334.9337,0.0017687
16,end,True,75.25475,-245.3278,-26.05892,80,0,0,202.1798,334.9336,0.001985944
16,end,True,75.25513,-245.328,-26.07467,80,0,0,202.3888,334.9351,0.002372259
16,end,True,75.26715,-245.3305,-26.07541,80,0,0,202.5976,334.9403,0.001290463
16,end,True,75.23866,-245.3352,-26.0723,80,0,0,202.8064,334.9382,0.003035313
16,end,True,75.24223,-245.3276,-26.06708,80,0,0,203.0152,334.9312,0.0008770816
16,end,True,75.25571,-245.3381,-26.0619,80,0,0,203.2241,334.9441,0.002120074
16,end,True,75.2578,-245.3348,-26.06594,80,0,0,203.4331,334.9416,0.00104979
16,end,True,75.25375,-245.334,-26.07839,80,0,0,203.6418,334.9409,0.001827124
16,end,True,75.24418,-245.3306,-26.06199,80,0,0,203.8506,334.9342,0.002318058
16,end,True,75.25114,-245.3278,-26.04641,80,0,0,204.0594,334.9318,0.001974752
16,end,True,75.25426,-245.324,-26.06202,80,0,0,204.2684,334.9301,0.0006800752
16,end,True,75.24751,-245.3259,-26.09054,80,0,0,204.4771,334.9326,0.002115281
16,end,True,75.24703,-245.324,-26.09087,80,0,0,204.6859,334.9306,0.002338299
16,end,True,75.24255,-245.3283,-26.08894,80,0,0,204.8947,334.9336,0.001923205
16,end,True,75.24476,-245.3358,-26.07852,80,0,0,205.1036,334.9407,0.002139207
16,end,True,75.23279,-245.3411,-26.08631,80,0,0,205.3125,334.9437,0.001319696
16,end,True,75.24455,-245.3141,-26.08671,80,0,0,205.5213,334.9202,0.0009841864
16,end,True,75.24824,-245.3098,-26.10316,80,0,0,205.7301,334.9181,0.0006400592
16,end,True,75.26442,-245.3087,-26.08173,80,0,0,205.9393,334.919,0.002743201
16,end,True,75.27467,-245.3315,-26.07675,80,0,0,206.1478,334.9431,0.001343271
16,end,True,75.26762,-245.3349,-26.08643,80,0,0,206.3566,334.9456,0.00305241
16,end,True,75.2655,-245.3294,-26.08956,80,0,0,206.5655,334.94,0.001269198
16,end,True,75.27594,-245.3158,-26.07329,80,0,0,206.7744,334.9278,0.002593804
16,end,True,75.28192,-245.3159,-26.07748,80,0,0,206.9835,334.9296,0.0005100351
16,end,True,75.26871,-245.3114,-26.08485,80,0,0,207.1921,334.9228,0.001174549
16,end,True,75.24067,-245.3244,-26.07486,80,0,0,207.4008,334.9284,0.001929165
16,end,True,75.24568,-245.328,-26.07514,80,0,0,207.6097,334.933,0.001692381
16,end,True,75.25394,-245.3252,-26.07894,80,0,0,207.8187,334.9325,0.001345163
16,end,True,75.24936,-245.3227,-26.08763,80,0,0,208.0272,334.9297,0.0007182857
16,end,True,75.25211,-245.3255,-26.08202,80,0,0,208.2362,334.9326,0.002491984
16,end,True,75.24152,-245.3489,-26.08151,80,0,0,208.4451,334.9529,0.002670113
16,end,True,75.2355,-245.3393,-26.08504,80,0,0,208.6537,334.9425,0.002271807
16,end,True,75.2384,-245.3347,-26.0896,80,0,0,208.8625,334.9391,0.002830167
16,end,True,75.24097,-245.3404,-26.10188,80,0,0,209.0715,334.9461,0.001010661
16,end,True,75.22764,-245.3426,-26.08765,80,0,0,209.2804,334.9441,0.0009178004
16,end,True,75.22372,-245.3418,-26.08739,80,0,0,209.4892,334.9425,0.00252267
16,end,True,75.23322,-245.3338,-26.10255,80,0,0,209.6983,334.938,0.001619136
16,end,True,75.24187,-245.3382,-26.10552,80,0,0,209.9068,334.9445,0.001621907
16,end,True,75.23495,-245.331,-26.09216,80,0,0,210.1156,334.9349,0.002356555
16,end,True,75.22658,-245.3533,-26.07716,80,0,0,210.3244,334.9535,0.003204219
16,end,True,75.23983,-245.3572,-26.0794,80,0,0,210.5334,334.9604,0.001229144
16,end,True,75.23045,-245.3513,-26.07583,80,0,0,210.7421,334.9523,0.001065503
16,end,True,75.25281,-245.3373,-26.08483,80,0,0,210.9511,334.9445,0.003508777
16,end,True,75.24712,-245.3419,-26.08426,80,0,0,211.1598,334.9476,0.001875333
16,end,True,75.2235,-245.358,-26.09022,80,0,0,211.3687,334.9584,0.003495376
16,end,True,75.23218,-245.3589,-26.07943,80,0,0,211.5775,334.9603,0.001617054
16,end,True,75.23331,-245.3516,-26.07406,80,0,0,211.7863,334.9531,0.001771391
16,end,True,75.2306,-245.3499,-26.07777,80,0,0,211.9952,334.9511,0.003560882
16,end,True,75.23175,-245.3426,-26.09876,80,0,0,212.2039,334.9459,0.00145061
16,end,True,75.2249,-245.3426,-26.09735,80,0,0,212.4128,334.9443,0.0009463141
16,end,True,75.20633,-245.3331,-26.10092,80,0,0,212.6216,334.9312,0.0009454982
16,end,True,75.20042,-245.334,-26.09975,80,0,0,212.8305,334.9306,0.0009937353
16,end,True,75.21901,-245.3479,-26.10133,80,0,0,213.0397,334.9484,0.002083267
16,end,True,75.21304,-245.3581,-26.07849,80,0,0,213.2482,334.9552,0.001095563
16,end,True,75.22424,-245.3627,-26.07874,80,0,0,213.457,334.9622,0.0006412638
16,end,True,75.229,-245.3548,-26.08734,80,0,0,213.6658,334.9563,0.0009098974
16,end,True,75.22742,-245.3519,-26.09015,80,0,0,213.8746,334.9533,0.002298319
16,end,True,75.22334,-245.3548,-26.0818,80,0,0,214.0834,334.9545,0.001895838
16,end,True,75.21815,-245.3583,-26.08921,80,0,0,214.2924,334.9573,0.0008446394
16,end,True,75.22121,-245.3535,-26.09665,80,0,0,214.501,334.9539,0.001751382
16,end,True,75.21,-245.3459,-26.07948,80,0,0,214.7101,334.9428,0.0005726311
16,end,True,75.21928,-245.3392,-26.09713,80,0,0,214.9192,334.9396,0.002642498
16,end,True,75.22897,-245.3384,-26.10943,80,0,0,215.1278,334.9421,0.001887026
16,end,True,75.20584,-245.3445,-26.08965,80,0,0,215.3365,334.9412,0.002704704
16,end,True,75.21016,-245.3403,-26.10288,80,0,0,215.5453,334.9392,0.001299488
16,end,True,75.21378,-245.3516,-26.08717,80,0,0,215.7541,334.9497,0.002095273
16,end,True,75.21666,-245.3533,-26.08553,80,0,0,215.963,334.9518,0.002184269
16,end,True,75.22266,-245.3552,-26.09215,80,0,0,216.1718,334.9556,0.0005345072
16,end,True,75.22213,-245.3466,-26.09128,80,0,0,216.3806,334.9471,0.001034388
16,end,True,75.23836,-245.3585,-26.07011,80,0,0,216.5896,334.9606,0.001216421
16,end,True,75.21844,-245.3454,-26.09215,80,0,0,216.7986,334.9451,0.001152775
16,end,True,75.21206,-245.347,-26.09062,80,0,0,217.0072,334.9452,0.002453299
16,end,True,75.21607,-245.3583,-26.07838,80,0,0,217.216,334.956,0.0007015307
16,end,True,75.22501,-245.363,-26.10349,80,0,0,217.425,334.9646,0.001979687
16,end,True,75.2274,-245.356,-26.10722,80,0,0,217.6338,334.9586,0.001837004
16,end,True,75.23512,-245.3593,-26.10794,80,0,0,217.8426,334.9636,0.00335842
16,end,True,75.21703,-245.3597,-26.10331,80,0,0,218.0514,334.9595,0.001604298
16,end,True,75.20872,-245.3489,-26.10047,80,0,0,218.2602,334.947,0.003167519
16,end,True,75.21445,-245.3489,-26.10372,80,0,0,218.469,334.9486,0.002366078
16,end,True,75.21967,-245.3545,-26.11238,80,0,0,218.6783,334.9559,0.0009493225
16,end,True,75.21613,-245.3548,-26.10693,80,0,0,218.8867,334.9548,0.0007262348
16,end,True,75.22428,-245.3567,-26.09929,80,0,0,219.0954,334.958,0.001906473
16,end,True,75.22198,-245.3617,-26.097,80,0,0,219.3043,334.9622,0.001629423
16,end,True,75.19726,-245.3621,-26.09057,80,0,0,219.5133,334.9565,0.001979672
16,end,True,75.19731,-245.356,-26.08092,80,0,0,219.7222,334.9499,0.001548626
16,end,True,75.20779,-245.3533,-26.08114,80,0,0,219.9309,334.9496,0.002434354
16,end,True,75.21774,-245.3629,-26.09864,80,0,0,220.1396,334.9625,0.0008440739
16,end,True,75.21593,-245.3557,-26.07756,80,0,0,220.3486,334.9534,0.001531988
16,end,True,75.21333,-245.3674,-26.08519,80,0,0,220.5575,334.9648,0.002784008
16,end,True,75.2204,-245.3461,-26.09099,80,0,0,220.7662,334.9462,0.001727115
16,end,True,75.2184,-245.3545,-26.09127,80,0,0,220.9751,334.9539,0.00143335
16,end,True,75.22514,-245.3446,-26.09781,80,0,0,221.1838,334.9464,0.002164159
16,end,True,75.21361,-245.3415,-26.09921,80,0,0,221.3928,334.9408,0.002280045
16,end,True,75.20767,-245.3412,-26.09857,80,0,0,221.6016,334.9391,0.001045923
16,end,True,75.20667,-245.3537,-26.11292,80,0,0,221.8105,334.9522,0.00170429
16,end,True,75.20492,-245.3506,-26.10029,80,0,0,222.0195,334.9478,0.001862163
16,end,True,75.20624,-245.3524,-26.10582,80,0,0,222.228,334.9502,0.00036604
16,end,True,75.19345,-245.3567,-26.09135,80,0,0,222.4368,334.9505,0.001754021
16,end,True,75.20406,-245.3649,-26.10565,80,0,0,222.6457,334.9619,0.002789291
16,end,True,75.19134,-245.3604,-26.08406,80,0,0,222.8545,334.9529,0.00221069
16,end,True,75.20025,-245.3542,-26.10584,80,0,0,223.0633,334.9507,0.000836622
16,end,True,75.20626,-245.3617,-26.09593,80,0,0,223.2723,334.9585,0.001896166
16,end,True,75.21489,-245.357,-26.09742,80,0,0,223.481,334.9561,0.0006758049
16,end,True,75.20251,-245.3411,-26.10143,80,0,0,223.6899,334.9381,0.001644622
16,end,True,75.21773,-245.3517,-26.09425,80,0,0,223.899,334.9513,0.001870746
16,end,True,75.20766,-245.3543,-26.104,80,0,0,224.1075,334.9523,0.002070436
16,end,True,75.19707,-245.3561,-26.08622,80,0,0,224.3165,334.9502,0.0008822622
16,end,True,75.21052,-245.3643,-26.11398,80,0,0,224.5251,334.9634,0.001526491
16,end,True,75.20207,-245.347,-26.08635,80,0,0,224.7341,334.9426,0.001496171
16,end,True,75.21854,-245.3485,-26.09109,80,0,0,224.9429,334.9481,0.001384844
16,end,True,75.23137,-245.3524,-26.115,80,0,0,225.1517,334.9566,0.001654263
16,end,True,75.21361,-245.3571,-26.09985,80,0,0,225.3605,334.956,0.001936156
16,end,True,75.20775,-245.3521,-26.12401,80,0,0,225.5694,334.9517,0.001148263
16,end,True,75.19717,-245.3592,-26.10917,80,0,0,225.7785,334.9551,0.001879628
16,end,True,75.19875,-245.3666,-26.08976,80,0,0,225.9871,334.9612,0.001379878
16,end,True,75.20509,-245.355,-26.09458,80,0,0,226.1958,334.9516,0.001967747
16,end,True,75.19918,-245.3453,-26.09718,80,0,0,226.4047,334.9411,0.00254258
16,end,True,75.20871,-245.3494,-26.10418,80,0,0,226.6136,334.9478,0.001062444
16,end,True,75.20947,-245.3526,-26.10329,80,0,0,226.8225,334.951,0.001165169
16,end,True,75.20306,-245.3531,-26.0769,80,0,0,227.0313,334.948,0.001833754
16,end,True,75.20797,-245.3538,-26.10457,80,0,0,227.2402,334.9519,0.00210087
16,end,True,75.20959,-245.3517,-26.11279,80,0,0,227.4491,334.9509,0.0008457887
16,end,True,75.21445,-245.3497,-26.08706,80,0,0,227.658,334.948,0.001931949
16,end,True,75.22083,-245.3471,-26.09615,80,0,0,227.8667,334.9476,0.002683093
16,end,True,75.21309,-245.3586,-26.09706,80,0,0,228.0755,334.9571,0.001536813
16,end,True,75.20435,-245.3453,-26.08399,80,0,0,228.2843,334.9412,0.001194411
16,end,True,75.2131,-245.3434,-26.1052,80,0,0,228.4931,334.9431,0.001192225
16,end,True,75.19901,-245.3539,-26.08981,80,0,0,228.7018,334.9489,0.0008048911
16,end,True,75.21349,-245.3492,-26.09931,80,0,0,228.9108,334.9483,0.00301559
16,end,True,75.19924,-245.3509,-26.1071,80,0,0,229.1196,334.9473,0.002576827
16,end,True,75.21113,-245.3564,-26.10843,80,0,0,229.3285,334.9554,0.001686387
16,end,True,75.20724,-245.3581,-26.09987,80,0,0,229.5372,334.9556,0.002750415
16,end,True,75.21429,-245.3694,-26.09373,80,0,0,229.7461,334.9676,0.001793873
16,end,True,75.19966,-245.3597,-26.09323,80,0,0,229.955,334.9549,0.001737239
16,end,True,75.18683,-245.368,-26.08994,80,0,0,230.1638,334.9598,0.00142448
16,end,True,75.20986,-245.3636,-26.1088,80,0,0,230.3726,334.9622,0.002102982
16,end,True,75.21968,-245.3587,-26.10462,80,0,0,230.5815,334.9593,0.002519008
16,end,True,75.21817,-245.3375,-26.11065,80,0,0,230.7903,334.9388,0.001107535
16,end,True,75.22713,-245.3533,-26.10896,80,0,0,230.9991,334.9561,0.001431494
16,end,True,75.23112,-245.3424,-26.10885,80,0,0,231.2079,334.9464,0.001749249
16,end,True,75.22046,-245.3557,-26.11715,80,0,0,231.4167,334.9575,0.001713939
16,end,True,75.21277,-245.3574,-26.10357,80,0,0,231.6261,334.9564,0.0006552385
16,end,True,75.19386,-245.3667,-26.10481,80,0,0,231.8345,334.9613,0.0006232435
16,end,True,75.20741,-245.3547,-26.09982,80,0,0,232.0432,334.9523,0.00307018
16,end,True,75.2169,-245.335,-26.10651,80,0,0,232.2521,334.9358,0
16,end,True,75.22034,-245.3685,-26.11111,80,0,0,232.4608,334.9695,0.002996831
16,end,True,75.19861,-245.3526,-26.11154,80,0,0,232.67,334.9492,0.002278396
16,end,True,75.19765,-245.353,-26.09375,80,0,0,232.879,334.948,0.001233449
16,end,True,75.21634,-245.3528,-26.08147,80,0,0,233.0875,334.951,0.001283205
16,end,True,75.22377,-245.3558,-26.09779,80,0,0,233.2962,334.9569,0.001218439
16,end,True,75.19961,-245.3639,-26.07894,80,0,0,233.5051,334.9578,0.002333271
16,end,True,75.20214,-245.3487,-26.09243,80,0,0,233.714,334.9447,0.001195974
16,end,True,75.21399,-245.3498,-26.10579,80,0,0,233.9228,334.9494,0.0009358961
16,end,True,75.20892,-245.3559,-26.12074,80,0,0,234.1318,334.9554,0.001644544
16,end,True,75.22346,-245.3612,-26.11932,80,0,0,234.3403,334.9637,0.00086353
16,end,True,75.22742,-245.3464,-26.10673,80,0,0,234.5493,334.9492,0.00284735
16,end,True,75.22079,-245.3425,-26.1074,80,0,0,234.7584,334.944,0.00179911
16,end,True,75.2123,-245.3498,-26.10592,80,0,0,234.967,334.9491,0.0008758369
16,end,True,75.21271,-245.355,-26.10204,80,0,0,235.1757,334.9539,0.002038782
16,end,True,75.19822,-245.359,-26.11088,80,0,0,235.3847,334.9553,0.002786637
16,end,True,75.22253,-245.3408,-26.11623,80,0,0,235.5936,334.9435,0.001767375
16,end,True,75.21626,-245.354,-26.09997,80,0,0,235.8023,334.9536,0.001117041
16,end,True,75.20892,-245.3684,-26.09181,80,0,0,236.0113,334.9653,0.0009721766
16,end,True,75.22079,-245.3595,-26.12001,80,0,0,236.22,334.9615,0.00106109
16,end,True,75.21914,-245.3343,-26.10614,80,0,0,236.4287,334.9356,0.00123566
16,end,True,75.20276,-245.3576,-26.09894,80,0,0,236.638,334.954,0.002553975
16,end,True,75.21021,-245.3521,-26.10691,80,0,0,236.8465,334.951,0.001391261
16,end,True,75.20366,-245.3585,-26.09129,80,0,0,237.0552,334.9545,0.001710408
16,end,True,75.2122,-245.3489,-26.08044,80,0,0,237.2643,334.9462,0.0009952678
16,end,True,75.20717,-245.3487,-26.10327,80,0,0,237.4731,334.9467,0.001778278
16,end,True,75.21249,-245.3554,-26.10905,80,0,0,237.6817,334.9548,0.001471132
16,end,True,75.21329,-245.3687,-26.08299,80,0,0,237.8905,334.9659,0.001139014
16,end,True,75.20674,-245.3551,-26.08664,80,0,0,238.0995,334.9515,0.0009926915
16,end,True,75.20715,-245.3469,-26.09308,80,0,0,238.3083,334.9441,0.0009806226
16,end,True,75.20329,-245.3517,-26.09901,80,0,0,238.5172,334.9484,0.003815046
16,end,True,75.21418,-245.3554,-26.09747,80,0,0,238.7259,334.9543,0.001793575
16,end,True,75.21172,-245.3617,-26.11259,80,0,0,238.9347,334.9611,0.00251164
16,end,True,75.19633,-245.3529,-26.11292,80,0,0,239.1436,334.9491,0.002890642
16,end,True,75.20339,-245.3524,-26.11363,80,0,0,239.3525,334.9502,0.001143805
16,end,True,75.20285,-245.3535,-26.08829,80,0,0,239.5613,334.9492,0.001737872
16,end,True,75.21628,-245.3386,-26.11285,80,0,0,239.7702,334.9396,0.006619131
16,end,True,75.22372,-245.3355,-26.08624,80,0,0,239.9793,334.9362,0.001516084
16,end,True,75.21694,-245.3465,-26.11485,80,0,0,240.1878,334.9476,0.001502172
16,end,True,75.2101,-245.3542,-26.09348,80,0,0,240.3967,334.9519,0.002573912
16,end,True,75.19505,-245.3417,-26.07851,80,0,0,240.6055,334.9352,0.00138952
16,end,True,75.20866,-245.356,-26.09271,80,0,0,240.8157,334.9533,0.00138997
16,end,True,75.21031,-245.3589,-26.10007,80,0,0,241.023,334.957,0.001855909
16,end,True,75.21206,-245.3643,-26.11133,80,0,0,241.2376,334.9636,0.004941927
16,end,True,75.21118,-245.3595,-26.10064,80,0,0,241.4548,334.9579,0.003029624
16,end,True,75.20885,-245.3591,-26.09497,80,0,0,241.6652,334.9565,0.001438058
16,end,True,75.203,-245.3575,-26.10093,80,0,0,241.8775,334.9541,0.004185388
16,end,True,75.20724,-245.3487,-26.08921,80,0,0,242.0966,334.9456,0.001914381
16,end,True,75.22287,-245.3356,-26.03844,80,0,0,242.